1 0 0 2 0 0 2 -1 0 3 -1 0 3 0 0 
1 0 0 2 0 0 2 -1 0 3 -1 0 3 0 0 
1 0 0 2 0 0 2 -1 0 3 -1 0 3 0 0 
1 0 0 2 0 0 2 -1 0 3 -1 0 3 0 0 
0.999963 -0.0058839 0.00630828 1.99985 0.0088528 0.00952041 1.98501 -0.991033 0.00672023 2.98492 -0.977766 0.005538 2.99991 0.0221216 0.00505863 
0.999963 -0.0058839 0.00630828 1.99985 0.0088528 0.00952041 1.98501 -0.991033 0.00672023 2.98492 -0.977766 0.005538 2.99991 0.0221216 0.00505863 
0.999845 -0.0121781 0.0126941 1.99938 0.0177072 0.0190991 1.97009 -0.981848 0.0134067 2.96973 -0.955424 0.0110618 2.99966 0.0441275 0.0101225 
0.999845 -0.0121781 0.0126941 1.99938 0.0177072 0.0190991 1.97009 -0.981848 0.0134067 2.96973 -0.955424 0.0110618 2.99966 0.0441275 0.0101225 
0.999638 -0.0188827 0.0191563 1.99856 0.0265715 0.0287329 1.95522 -0.972451 0.0200598 2.95444 -0.932979 0.0165718 2.99924 0.0660166 0.0151914 
0.999638 -0.0188827 0.0191563 1.99856 0.0265715 0.0287329 1.95522 -0.972451 0.0200598 2.95444 -0.932979 0.0165718 2.99924 0.0660166 0.0151914 
0.999332 -0.0259957 0.0256932 1.99736 0.0354544 0.0384182 1.94043 -0.962855 0.0266802 2.93905 -0.910432 0.0220683 2.99865 0.0877883 0.0202653 
0.999332 -0.0259957 0.0256932 1.99736 0.0354544 0.0384182 1.94043 -0.962855 0.0266802 2.93905 -0.910432 0.0220683 2.99865 0.0877883 0.0202653 
0.998916 -0.0335127 0.0323025 1.99575 0.0443643 0.0481516 1.92571 -0.953069 0.0332682 2.92356 -0.887789 0.0275518 2.9979 0.109442 0.0253439 
0.998916 -0.0335127 0.0323025 1.99575 0.0443643 0.0481516 1.92571 -0.953069 0.0332682 2.92356 -0.887789 0.0275518 2.9979 0.109442 0.0253439 
0.998381 -0.041426 0.0389815 1.9937 0.0533095 0.0579294 1.91107 -0.943106 0.0398243 2.908 -0.865052 0.0330224 2.99698 0.130978 0.0304273 
0.998381 -0.041426 0.0389815 1.9937 0.0533095 0.0579294 1.91107 -0.943106 0.0398243 2.908 -0.865052 0.0330224 2.99698 0.130978 0.0304273 
0.997716 -0.0497246 0.0457266 1.99118 0.0622979 0.067748 1.89651 -0.932982 0.0463486 2.89236 -0.842224 0.0384806 2.99592 0.152395 0.0355155 
0.997716 -0.0497246 0.0457266 1.99118 0.0622979 0.067748 1.89651 -0.932982 0.0463486 2.89236 -0.842224 0.0384806 2.99592 0.152395 0.0355155 
0.99691 -0.058394 0.0525334 1.98814 0.0713371 0.0776033 1.88204 -0.92271 0.0528415 2.87664 -0.819308 0.0439268 2.99469 0.173694 0.0406083 
0.99691 -0.058394 0.0525334 1.98814 0.0713371 0.0776033 1.88204 -0.92271 0.0528415 2.87664 -0.819308 0.0439268 2.99469 0.173694 0.0406083 
0.995955 -0.0674156 0.0593969 1.98457 0.0804339 0.0874918 1.86766 -0.912309 0.0593027 2.86086 -0.796306 0.0493613 2.99331 0.194875 0.0457058 
0.995955 -0.0674156 0.0593969 1.98457 0.0804339 0.0874918 1.86766 -0.912309 0.0593027 2.86086 -0.796306 0.0493613 2.99331 0.194875 0.0457058 
0.994842 -0.0767666 0.0663113 1.98042 0.0895945 0.0974096 1.85337 -0.901796 0.0657322 2.84501 -0.773223 0.0547845 2.99179 0.215938 0.0508081 
0.994842 -0.0767666 0.0663113 1.98042 0.0895945 0.0974096 1.85337 -0.901796 0.0657322 2.84501 -0.773223 0.0547845 2.99179 0.215938 0.0508081 
0.993561 -0.0864201 0.0732702 1.97566 0.0988241 0.107353 1.83917 -0.891191 0.0721294 2.82909 -0.750059 0.0601969 2.99011 0.236883 0.0559153 
0.993561 -0.0864201 0.0732702 1.97566 0.0988241 0.107353 1.83917 -0.891191 0.0721294 2.82909 -0.750059 0.0601969 2.99011 0.236883 0.0559153 
0.992106 -0.0963453 0.0802665 1.97028 0.108127 0.117319 1.82508 -0.880514 0.0784937 2.81312 -0.726818 0.0655987 2.98829 0.257709 0.0610275 
0.992106 -0.0963453 0.0802665 1.97028 0.108127 0.117319 1.82508 -0.880514 0.0784937 2.81312 -0.726818 0.0655987 2.98829 0.257709 0.0610275 
0.990473 -0.106508 0.0872925 1.96424 0.117505 0.127303 1.8111 -0.869786 0.084824 2.79708 -0.703502 0.0709905 2.98632 0.278416 0.0661448 
0.990473 -0.106508 0.0872925 1.96424 0.117505 0.127303 1.8111 -0.869786 0.084824 2.79708 -0.703502 0.0709905 2.98632 0.278416 0.0661448 
0.988656 -0.11687 0.0943404 1.95752 0.12696 0.137304 1.79722 -0.859027 0.0911191 2.78098 -0.680112 0.0763728 2.98421 0.299004 0.0712675 
0.988656 -0.11687 0.0943404 1.95752 0.12696 0.137304 1.79722 -0.859027 0.0911191 2.78098 -0.680112 0.0763728 2.98421 0.299004 0.0712675 
0.986656 -0.127391 0.101402 1.95012 0.136493 0.147318 1.78346 -0.848257 0.0973773 2.76481 -0.656652 0.081746 2.98196 0.319471 0.0763959 
0.986656 -0.127391 0.101402 1.95012 0.136493 0.147318 1.78346 -0.848257 0.0973773 2.76481 -0.656652 0.081746 2.98196 0.319471 0.0763959 
0.984471 -0.13803 0.108469 1.94201 0.146103 0.157342 1.76983 -0.837495 0.103597 2.74858 -0.633122 0.0871106 2.97958 0.339817 0.0815301 
0.984471 -0.13803 0.108469 1.94201 0.146103 0.157342 1.76983 -0.837495 0.103597 2.74858 -0.633122 0.0871106 2.97958 0.339817 0.0815301 
0.982104 -0.148743 0.115533 1.93319 0.155786 0.167377 1.75632 -0.82676 0.109776 2.73228 -0.609525 0.0924671 2.97706 0.360038 0.0866705 
0.982104 -0.148743 0.115533 1.93319 0.155786 0.167377 1.75632 -0.82676 0.109776 2.73228 -0.609525 0.0924671 2.97706 0.360038 0.0866705 
0.979559 -0.159487 0.122587 1.92367 0.16554 0.177418 1.74294 -0.816068 0.115911 2.71592 -0.585862 0.0978161 2.9744 0.380134 0.0918176 
0.979559 -0.159487 0.122587 1.92367 0.16554 0.177418 1.74294 -0.816068 0.115911 2.71592 -0.585862 0.0978161 2.9744 0.380134 0.0918176 
0.976843 -0.17022 0.129623 1.91345 0.175359 0.187467 1.72971 -0.805434 0.122001 2.69948 -0.562136 0.103158 2.97162 0.400102 0.0969717 
0.976843 -0.17022 0.129623 1.91345 0.175359 0.187467 1.72971 -0.805434 0.122001 2.69948 -0.562136 0.103158 2.97162 0.400102 0.0969717 
0.973964 -0.180901 0.136636 1.90253 0.185239 0.197522 1.71663 -0.79487 0.128042 2.68297 -0.538348 0.108493 2.96871 0.419939 0.102133 
0.973964 -0.180901 0.136636 1.90253 0.185239 0.197522 1.71663 -0.79487 0.128042 2.68297 -0.538348 0.108493 2.96871 0.419939 0.102133 
0.97093 -0.191492 0.143618 1.89093 0.195173 0.207583 1.70371 -0.784388 0.134032 2.66639 -0.5145 0.113823 2.96567 0.439642 0.107303 
0.97093 -0.191492 0.143618 1.89093 0.195173 0.207583 1.70371 -0.784388 0.134032 2.66639 -0.5145 0.113823 2.96567 0.439642 0.107303 
0.967752 -0.201957 0.150566 1.87866 0.205155 0.217651 1.69095 -0.773993 0.139967 2.64973 -0.490595 0.119146 2.96251 0.459207 0.112481 
0.967752 -0.201957 0.150566 1.87866 0.205155 0.217651 1.69095 -0.773993 0.139967 2.64973 -0.490595 0.119146 2.96251 0.459207 0.112481 
0.964441 -0.212263 0.157474 1.86575 0.215178 0.227726 1.67838 -0.763693 0.145844 2.633 -0.466633 0.124465 2.95923 0.478631 0.117669 
0.964441 -0.212263 0.157474 1.86575 0.215178 0.227726 1.67838 -0.763693 0.145844 2.633 -0.466633 0.124465 2.95923 0.478631 0.117669 
0.961009 -0.222381 0.164341 1.85221 0.225235 0.237809 1.66599 -0.753489 0.15166 2.61619 -0.442618 0.129779 2.95584 0.49791 0.122866 
0.961009 -0.222381 0.164341 1.85221 0.225235 0.237809 1.66599 -0.753489 0.15166 2.61619 -0.442618 0.129779 2.95584 0.49791 0.122866 
0.957469 -0.232285 0.171162 1.83807 0.235319 0.247902 1.65381 -0.743383 0.157411 2.59932 -0.418552 0.135088 2.95233 0.517039 0.128075 
0.957469 -0.232285 0.171162 1.83807 0.235319 0.247902 1.65381 -0.743383 0.157411 2.59932 -0.418552 0.135088 2.95233 0.517039 0.128075 
0.953833 -0.241952 0.177938 1.82335 0.245424 0.258005 1.64183 -0.733374 0.163094 2.58237 -0.394437 0.140394 2.94872 0.536015 0.133295 
0.953833 -0.241952 0.177938 1.82335 0.245424 0.258005 1.64183 -0.733374 0.163094 2.58237 -0.394437 0.140394 2.94872 0.536015 0.133295 
0.950113 -0.251363 0.184667 1.80807 0.255542 0.268121 1.63009 -0.723458 0.168706 2.56536 -0.370277 0.145695 2.94499 0.554832 0.138528 
0.950113 -0.251363 0.184667 1.80807 0.255542 0.268121 1.63009 -0.723458 0.168706 2.56536 -0.370277 0.145695 2.94499 0.554832 0.138528 
0.946321 -0.260502 0.19135 1.79225 0.265667 0.278251 1.61857 -0.713628 0.174243 2.54829 -0.346075 0.150993 2.94116 0.573488 0.143775 
0.946321 -0.260502 0.19135 1.79225 0.265667 0.278251 1.61857 -0.713628 0.174243 2.54829 -0.346075 0.150993 2.94116 0.573488 0.143775 
0.94247 -0.269355 0.197986 1.77592 0.275792 0.288397 1.60731 -0.70388 0.179701 2.53116 -0.321834 0.156288 2.93724 0.591978 0.149037 
0.94247 -0.269355 0.197986 1.77592 0.275792 0.288397 1.60731 -0.70388 0.179701 2.53116 -0.321834 0.156288 2.93724 0.591978 0.149037 
0.93857 -0.277912 0.204578 1.7591 0.285912 0.298562 1.59632 -0.694202 0.185077 2.51399 -0.297558 0.161578 2.93321 0.610297 0.154315 
0.93857 -0.277912 0.204578 1.7591 0.285912 0.298562 1.59632 -0.694202 0.185077 2.51399 -0.297558 0.161578 2.93321 0.610297 0.154315 
0.934631 -0.286165 0.211126 1.74181 0.29602 0.308747 1.5856 -0.684585 0.190368 2.49678 -0.273252 0.166866 2.92909 0.628443 0.159611 
0.934631 -0.286165 0.211126 1.74181 0.29602 0.308747 1.5856 -0.684585 0.190368 2.49678 -0.273252 0.166866 2.92909 0.628443 0.159611 
0.930665 -0.294107 0.217634 1.72406 0.306109 0.318954 1.57517 -0.675017 0.19557 2.47955 -0.248922 0.17215 2.92488 0.646412 0.164925 
0.930665 -0.294107 0.217634 1.72406 0.306109 0.318954 1.57517 -0.675017 0.19557 2.47955 -0.248922 0.17215 2.92488 0.646412 0.164925 
0.926679 -0.301734 0.224104 1.70588 0.316174 0.329187 1.56505 -0.665485 0.20068 2.4623 -0.224572 0.17743 2.92059 0.664201 0.170261 
0.926679 -0.301734 0.224104 1.70588 0.316174 0.329187 1.56505 -0.665485 0.20068 2.4623 -0.224572 0.17743 2.92059 0.664201 0.170261 
0.922683 -0.309043 0.230539 1.68727 0.326207 0.339448 1.55525 -0.655973 0.205694 2.44505 -0.200209 0.182705 2.91621 0.681809 0.175619 
0.922683 -0.309043 0.230539 1.68727 0.326207 0.339448 1.55525 -0.655973 0.205694 2.44505 -0.200209 0.182705 2.91621 0.681809 0.175619 
0.918685 -0.316033 0.236942 1.66826 0.336203 0.349737 1.54577 -0.646467 0.210609 2.42782 -0.17584 0.187976 2.91175 0.699235 0.181001 
0.918685 -0.316033 0.236942 1.66826 0.336203 0.349737 1.54577 -0.646467 0.210609 2.42782 -0.17584 0.187976 2.91175 0.699235 0.181001 
0.91469 -0.322705 0.243317 1.64886 0.346152 0.360059 1.53664 -0.636949 0.215422 2.41061 -0.151473 0.193242 2.90722 0.716478 0.186409 
0.91469 -0.322705 0.243317 1.64886 0.346152 0.360059 1.53664 -0.636949 0.215422 2.41061 -0.151473 0.193242 2.90722 0.716478 0.186409 
0.910706 -0.32906 0.249668 1.62907 0.356048 0.370415 1.52787 -0.627402 0.220129 2.39346 -0.127116 0.198502 2.9026 0.73354 0.191845 
0.910706 -0.32906 0.249668 1.62907 0.356048 0.370415 1.52787 -0.627402 0.220129 2.39346 -0.127116 0.198502 2.9026 0.73354 0.191845 
0.906737 -0.335101 0.255998 1.60891 0.365881 0.380807 1.51946 -0.617805 0.224729 2.37638 -0.10278 0.203756 2.89792 0.750424 0.19731 
0.906737 -0.335101 0.255998 1.60891 0.365881 0.380807 1.51946 -0.617805 0.224729 2.37638 -0.10278 0.203756 2.89792 0.750424 0.19731 
0.902788 -0.340831 0.262313 1.58839 0.375641 0.391238 1.51143 -0.608141 0.229219 2.35939 -0.0784739 0.209002 2.89316 0.767135 0.202806 
0.902788 -0.340831 0.262313 1.58839 0.375641 0.391238 1.51143 -0.608141 0.229219 2.35939 -0.0784739 0.209002 2.89316 0.767135 0.202806 
0.898862 -0.346255 0.268614 1.56751 0.385317 0.401708 1.50377 -0.598389 0.233597 2.34252 -0.0542095 0.214239 2.88833 0.783679 0.208335 
0.898862 -0.346255 0.268614 1.56751 0.385317 0.401708 1.50377 -0.598389 0.233597 2.34252 -0.0542095 0.214239 2.88833 0.783679 0.208335 
0.894962 -0.35138 0.274908 1.54628 0.394895 0.412221 1.4965 -0.588528 0.237861 2.32579 -0.0299988 0.219467 2.88343 0.800065 0.213899 
0.894962 -0.35138 0.274908 1.54628 0.394895 0.412221 1.4965 -0.588528 0.237861 2.32579 -0.0299988 0.219467 2.88343 0.800065 0.213899 
0.891089 -0.356212 0.281199 1.52471 0.404363 0.422776 1.48962 -0.578537 0.242011 2.30922 -0.00585446 0.224685 2.87845 0.816305 0.219498 
0.891089 -0.356212 0.281199 1.52471 0.404363 0.422776 1.48962 -0.578537 0.242011 2.30922 -0.00585446 0.224685 2.87845 0.816305 0.219498 
0.887244 -0.360761 0.287489 1.50281 0.413703 0.433375 1.48312 -0.568397 0.246046 2.29284 0.01821 0.22989 2.8734 0.832413 0.225134 
0.887244 -0.360761 0.287489 1.50281 0.413703 0.433375 1.48312 -0.568397 0.246046 2.29284 0.01821 0.22989 2.8734 0.832413 0.225134 
0.883426 -0.365034 0.293784 1.48058 0.422898 0.444019 1.47701 -0.558087 0.249966 2.27667 0.042181 0.235082 2.86826 0.848405 0.230806 
0.883426 -0.365034 0.293784 1.48058 0.422898 0.444019 1.47701 -0.558087 0.249966 2.27667 0.042181 0.235082 2.86826 0.848405 0.230806 
0.879633 -0.369043 0.300087 1.45803 0.431928 0.454707 1.47126 -0.547587 0.253774 2.26074 0.0660445 0.24026 2.86305 0.864299 0.236516 
0.879633 -0.369043 0.300087 1.45803 0.431928 0.454707 1.47126 -0.547587 0.253774 2.26074 0.0660445 0.24026 2.86305 0.864299 0.236516 
0.875864 -0.3728 0.306401 1.43516 0.440772 0.465438 1.46588 -0.536881 0.257471 2.24507 0.0897869 0.245422 2.85774 0.880117 0.242261 
0.875864 -0.3728 0.306401 1.43516 0.440772 0.465438 1.46588 -0.536881 0.257471 2.24507 0.0897869 0.245422 2.85774 0.880117 0.242261 
0.872115 -0.376318 0.31273 1.41198 0.449407 0.476211 1.46084 -0.525951 0.26106 2.22968 0.113395 0.250567 2.85234 0.895882 0.248042 
0.872115 -0.376318 0.31273 1.41198 0.449407 0.476211 1.46084 -0.525951 0.26106 2.22968 0.113395 0.250567 2.85234 0.895882 0.248042 
0.868381 -0.37961 0.319077 1.3885 0.457808 0.487025 1.45612 -0.514783 0.264547 2.21459 0.136856 0.255694 2.84684 0.91162 0.253855 
0.868381 -0.37961 0.319077 1.3885 0.457808 0.487025 1.45612 -0.514783 0.264547 2.21459 0.136856 0.255694 2.84684 0.91162 0.253855 
0.864658 -0.382692 0.325445 1.36474 0.465948 0.497875 1.45169 -0.503364 0.267936 2.19981 0.16016 0.260801 2.84123 0.927356 0.2597 
0.864658 -0.382692 0.325445 1.36474 0.465948 0.497875 1.45169 -0.503364 0.267936 2.19981 0.16016 0.260801 2.84123 0.927356 0.2597 
0.860939 -0.385578 0.331834 1.34069 0.473802 0.508759 1.44754 -0.491685 0.271234 2.18536 0.183297 0.265889 2.83549 0.943117 0.265571 
0.860939 -0.385578 0.331834 1.34069 0.473802 0.508759 1.44754 -0.491685 0.271234 2.18536 0.183297 0.265889 2.83549 0.943117 0.265571 
0.857218 -0.388286 0.338247 1.31638 0.481341 0.519671 1.44363 -0.479738 0.274447 2.17123 0.206258 0.270955 2.82962 0.95893 0.271465 
0.857218 -0.388286 0.338247 1.31638 0.481341 0.519671 1.44363 -0.479738 0.274447 2.17123 0.206258 0.270955 2.82962 0.95893 0.271465 
0.853488 -0.390832 0.344685 1.29182 0.48854 0.530606 1.43992 -0.467518 0.277584 2.15742 0.22904 0.276001 2.82361 0.974821 0.277378 
0.853488 -0.390832 0.344685 1.29182 0.48854 0.530606 1.43992 -0.467518 0.277584 2.15742 0.22904 0.276001 2.82361 0.974821 0.277378 
0.849743 -0.393233 0.351148 1.26703 0.49537 0.541559 1.43639 -0.455022 0.280653 2.14394 0.251637 0.281024 2.81745 0.990813 0.283304 
0.849743 -0.393233 0.351148 1.26703 0.49537 0.541559 1.43639 -0.455022 0.280653 2.14394 0.251637 0.281024 2.81745 0.990813 0.283304 
0.845974 -0.395505 0.357636 1.24202 0.501808 0.552522 1.43299 -0.44225 0.283664 2.13078 0.27405 0.286025 2.81113 1.00693 0.289238 
0.845974 -0.395505 0.357636 1.24202 0.501808 0.552522 1.43299 -0.44225 0.283664 2.13078 0.27405 0.286025 2.81113 1.00693 0.289238 
0.842175 -0.397665 0.364149 1.2168 0.507828 0.563488 1.42969 -0.429204 0.286626 2.11791 0.296279 0.291005 2.80463 1.02319 0.295175 
0.842175 -0.397665 0.364149 1.2168 0.507828 0.563488 1.42969 -0.429204 0.286626 2.11791 0.296279 0.291005 2.80463 1.02319 0.295175 
0.838337 -0.399728 0.370686 1.19141 0.513409 0.57445 1.42645 -0.415886 0.289548 2.10534 0.318328 0.295963 2.79795 1.03962 0.301107 
0.838337 -0.399728 0.370686 1.19141 0.513409 0.57445 1.42645 -0.415886 0.289548 2.10534 0.318328 0.295963 2.79795 1.03962 0.301107 
0.834454 -0.40171 0.377246 1.16586 0.51853 0.5854 1.42324 -0.402302 0.292441 2.09303 0.3402 0.3009 2.79108 1.05622 0.30703 
0.834454 -0.40171 0.377246 1.16586 0.51853 0.5854 1.42324 -0.402302 0.292441 2.09303 0.3402 0.3009 2.79108 1.05622 0.30703 
0.83052 -0.403626 0.383827 1.14017 0.523175 0.596329 1.42002 -0.388458 0.295315 2.08096 0.361903 0.305817 2.78401 1.07301 0.312938 
0.83052 -0.403626 0.383827 1.14017 0.523175 0.596329 1.42002 -0.388458 0.295315 2.08096 0.361903 0.305817 2.78401 1.07301 0.312938 
0.826527 -0.405488 0.390427 1.11436 0.527329 0.607229 1.41676 -0.374361 0.298179 2.06912 0.383443 0.310713 2.77674 1.08999 0.318824 
0.826527 -0.405488 0.390427 1.11436 0.527329 0.607229 1.41676 -0.374361 0.298179 2.06912 0.383443 0.310713 2.77674 1.08999 0.318824 
0.822469 -0.407309 0.397044 1.08846 0.530979 0.618091 1.41343 -0.360019 0.301042 2.05748 0.404829 0.31559 2.76925 1.10718 0.324684 
0.822469 -0.407309 0.397044 1.08846 0.530979 0.618091 1.41343 -0.360019 0.301042 2.05748 0.404829 0.31559 2.76925 1.10718 0.324684 
0.818341 -0.409102 0.403675 1.06249 0.534116 0.628909 1.41 -0.345438 0.303914 2.04601 0.42607 0.320449 2.76154 1.12458 0.330512 
0.818341 -0.409102 0.403675 1.06249 0.534116 0.628909 1.41 -0.345438 0.303914 2.04601 0.42607 0.320449 2.76154 1.12458 0.330512 
0.814138 -0.410876 0.410318 1.03647 0.536734 0.639673 1.40644 -0.330629 0.306804 2.03468 0.447174 0.325291 2.7536 1.14218 0.336304 
0.814138 -0.410876 0.410318 1.03647 0.536734 0.639673 1.40644 -0.330629 0.306804 2.03468 0.447174 0.325291 2.7536 1.14218 0.336304 
0.80985 -0.412666 0.416964 1.01043 0.538855 0.650383 1.4027 -0.315649 0.309718 2.02347 0.468152 0.330116 2.74544 1.16001 0.342048 
0.80985 -0.412666 0.416964 1.01043 0.538855 0.650383 1.4027 -0.315649 0.309718 2.02347 0.468152 0.330116 2.74544 1.16001 0.342048 
0.805482 -0.414431 0.423622 0.984371 0.540423 0.661017 1.39882 -0.300404 0.312668 2.01237 0.48901 0.334926 2.73704 1.17801 0.347754 
0.805482 -0.414431 0.423622 0.984371 0.540423 0.661017 1.39882 -0.300404 0.312668 2.01237 0.48901 0.334926 2.73704 1.17801 0.347754 
0.801025 -0.416205 0.430282 0.958333 0.541466 0.671575 1.39474 -0.284955 0.31566 2.00134 0.509758 0.33972 2.72841 1.19621 0.35341 
0.801025 -0.416205 0.430282 0.958333 0.541466 0.671575 1.39474 -0.284955 0.31566 2.00134 0.509758 0.33972 2.72841 1.19621 0.35341 
0.796475 -0.417995 0.436941 0.932331 0.541986 0.68205 1.39045 -0.26931 0.318701 1.99037 0.530402 0.344501 2.71954 1.2146 0.359013 
0.796475 -0.417995 0.436941 0.932331 0.541986 0.68205 1.39045 -0.26931 0.318701 1.99037 0.530402 0.344501 2.71954 1.2146 0.359013 
0.791829 -0.419809 0.443596 0.906385 0.541989 0.692435 1.38593 -0.253477 0.3218 1.97942 0.550951 0.349269 2.71042 1.23317 0.364561 
0.791829 -0.419809 0.443596 0.906385 0.541989 0.692435 1.38593 -0.253477 0.3218 1.97942 0.550951 0.349269 2.71042 1.23317 0.364561 
0.787084 -0.421651 0.450242 0.880514 0.541479 0.702724 1.38115 -0.237464 0.324962 1.96849 0.571411 0.354026 2.70107 1.25192 0.370049 
0.787084 -0.421651 0.450242 0.880514 0.541479 0.702724 1.38115 -0.237464 0.324962 1.96849 0.571411 0.354026 2.70107 1.25192 0.370049 
0.782238 -0.423529 0.456877 0.854738 0.540465 0.712911 1.37611 -0.221278 0.328193 1.95755 0.591788 0.35877 2.69147 1.27083 0.375476 
0.782238 -0.423529 0.456877 0.854738 0.540465 0.712911 1.37611 -0.221278 0.328193 1.95755 0.591788 0.35877 2.69147 1.27083 0.375476 
0.777288 -0.425446 0.463497 0.829072 0.538957 0.722992 1.37078 -0.204927 0.3315 1.94659 0.612087 0.363505 2.68163 1.2899 0.380838 
0.777288 -0.425446 0.463497 0.829072 0.538957 0.722992 1.37078 -0.204927 0.3315 1.94659 0.612087 0.363505 2.68163 1.2899 0.380838 
0.772232 -0.427407 0.470096 0.803536 0.536965 0.73296 1.36517 -0.188419 0.334889 1.93559 0.632312 0.368229 2.67154 1.30912 0.386135 
0.772232 -0.427407 0.470096 0.803536 0.536965 0.73296 1.36517 -0.188419 0.334889 1.93559 0.632312 0.368229 2.67154 1.30912 0.386135 
0.767069 -0.429416 0.476672 0.778143 0.5345 0.742811 1.35925 -0.171761 0.338365 1.92453 0.652467 0.372945 2.66121 1.32847 0.391363 
0.767069 -0.429416 0.476672 0.778143 0.5345 0.742811 1.35925 -0.171761 0.338365 1.92453 0.652467 0.372945 2.66121 1.32847 0.391363 
0.761797 -0.431477 0.48322 0.75291 0.531576 0.752541 1.35302 -0.154959 0.341933 1.9134 0.672556 0.377652 2.65063 1.34795 0.396521 
0.761797 -0.431477 0.48322 0.75291 0.531576 0.752541 1.35302 -0.154959 0.341933 1.9134 0.672556 0.377652 2.65063 1.34795 0.396521 
0.756416 -0.433593 0.489736 0.72785 0.528206 0.762146 1.34647 -0.138021 0.345598 1.90219 0.69258 0.38235 2.6398 1.36754 0.401607 
0.756416 -0.433593 0.489736 0.72785 0.528206 0.762146 1.34647 -0.138021 0.345598 1.90219 0.69258 0.38235 2.6398 1.36754 0.401607 
0.750923 -0.435768 0.496215 0.702976 0.524405 0.771621 1.33958 -0.120953 0.349365 1.89089 0.712541 0.387041 2.62873 1.38724 0.406619 
0.750923 -0.435768 0.496215 0.702976 0.524405 0.771621 1.33958 -0.120953 0.349365 1.89089 0.712541 0.387041 2.62873 1.38724 0.406619 
0.745319 -0.438004 0.502654 0.678302 0.520187 0.780965 1.33236 -0.103763 0.353239 1.87949 0.732441 0.391725 2.61742 1.40703 0.411556 
0.745319 -0.438004 0.502654 0.678302 0.520187 0.780965 1.33236 -0.103763 0.353239 1.87949 0.732441 0.391725 2.61742 1.40703 0.411556 
0.739604 -0.440302 0.509047 0.653838 0.515567 0.790173 1.32479 -0.0864562 0.357224 1.86798 0.752279 0.396403 2.60586 1.42691 0.416417 
0.739604 -0.440302 0.509047 0.653838 0.515567 0.790173 1.32479 -0.0864562 0.357224 1.86798 0.752279 0.396403 2.60586 1.42691 0.416417 
0.733777 -0.442666 0.51539 0.629594 0.510563 0.799244 1.31686 -0.0690396 0.361324 1.85634 0.772056 0.401073 2.59407 1.44687 0.421201 
0.733777 -0.442666 0.51539 0.629594 0.510563 0.799244 1.31686 -0.0690396 0.361324 1.85634 0.772056 0.401073 2.59407 1.44687 0.421201 
0.727838 -0.445097 0.521679 0.605582 0.505189 0.808174 1.30857 -0.0515195 0.365542 1.84458 0.791771 0.405737 2.58203 1.46688 0.425905 
0.727838 -0.445097 0.521679 0.605582 0.505189 0.808174 1.30857 -0.0515195 0.365542 1.84458 0.791771 0.405737 2.58203 1.46688 0.425905 
0.721789 -0.447596 0.527908 0.581809 0.499463 0.816961 1.29992 -0.033902 0.369884 1.83269 0.811424 0.410395 2.56975 1.48695 0.43053 
0.721789 -0.447596 0.527908 0.581809 0.499463 0.816961 1.29992 -0.033902 0.369884 1.83269 0.811424 0.410395 2.56975 1.48695 0.43053 
0.715629 -0.450164 0.534073 0.558284 0.493402 0.825604 1.29089 -0.016193 0.374353 1.82066 0.831013 0.415047 2.55724 1.50707 0.435073 
0.715629 -0.450164 0.534073 0.558284 0.493402 0.825604 1.29089 -0.016193 0.374353 1.82066 0.831013 0.415047 2.55724 1.50707 0.435073 
0.709361 -0.452804 0.54017 0.535015 0.487021 0.834101 1.2815 0.00160143 0.378951 1.80848 0.850536 0.419693 2.54449 1.52722 0.439535 
0.709361 -0.452804 0.54017 0.535015 0.487021 0.834101 1.2815 0.00160143 0.378951 1.80848 0.850536 0.419693 2.54449 1.52722 0.439535 
0.702984 -0.455514 0.546193 0.512007 0.480338 0.84245 1.27172 0.0194757 0.383684 1.79615 0.869992 0.424333 2.5315 1.54739 0.443913 
0.702984 -0.455514 0.546193 0.512007 0.480338 0.84245 1.27172 0.0194757 0.383684 1.79615 0.869992 0.424333 2.5315 1.54739 0.443913 
0.696501 -0.458297 0.552139 0.489268 0.47337 0.850651 1.26156 0.0374244 0.388553 1.78367 0.889378 0.428968 2.51829 1.56759 0.448207 
0.696501 -0.458297 0.552139 0.489268 0.47337 0.850651 1.26156 0.0374244 0.388553 1.78367 0.889378 0.428968 2.51829 1.56759 0.448207 
0.689913 -0.461152 0.558002 0.466803 0.466133 0.858702 1.25102 0.055442 0.393562 1.77103 0.908692 0.433596 2.50485 1.58778 0.452416 
0.689913 -0.461152 0.558002 0.466803 0.466133 0.858702 1.25102 0.055442 0.393562 1.77103 0.908692 0.433596 2.50485 1.58778 0.452416 
0.683221 -0.464079 0.563778 0.444616 0.458645 0.866602 1.24009 0.0735236 0.398715 1.75824 0.927931 0.438218 2.49118 1.60798 0.45654 
0.683221 -0.464079 0.563778 0.444616 0.458645 0.866602 1.24009 0.0735236 0.398715 1.75824 0.927931 0.438218 2.49118 1.60798 0.45654 
0.67643 -0.467078 0.569462 0.422712 0.450921 0.874351 1.22877 0.0916643 0.404014 1.74528 0.947092 0.442834 2.47729 1.62816 0.460577 
0.67643 -0.467078 0.569462 0.422712 0.450921 0.874351 1.22877 0.0916643 0.404014 1.74528 0.947092 0.442834 2.47729 1.62816 0.460577 
0.669539 -0.470148 0.57505 0.401095 0.442979 0.881947 1.21706 0.109859 0.409462 1.73217 0.966171 0.447443 2.46317 1.64833 0.464527 
0.669539 -0.470148 0.57505 0.401095 0.442979 0.881947 1.21706 0.109859 0.409462 1.73217 0.966171 0.447443 2.46317 1.64833 0.464527 
0.662553 -0.473291 0.580538 0.379768 0.434833 0.889391 1.20496 0.128105 0.415063 1.71889 0.985166 0.452046 2.44884 1.66847 0.468389 
0.662553 -0.473291 0.580538 0.379768 0.434833 0.889391 1.20496 0.128105 0.415063 1.71889 0.985166 0.452046 2.44884 1.66847 0.468389 
0.655474 -0.476503 0.585921 0.358734 0.426502 0.896682 1.19246 0.146396 0.420819 1.70544 1.00407 0.456642 2.4343 1.68857 0.472162 
0.655474 -0.476503 0.585921 0.358734 0.426502 0.896682 1.19246 0.146396 0.420819 1.70544 1.00407 0.456642 2.4343 1.68857 0.472162 
0.648304 -0.479786 0.591196 0.337996 0.417999 0.90382 1.17957 0.16473 0.426733 1.69184 1.02289 0.46123 2.41954 1.70863 0.475847 
0.648304 -0.479786 0.591196 0.337996 0.417999 0.90382 1.17957 0.16473 0.426733 1.69184 1.02289 0.46123 2.41954 1.70863 0.475847 
0.641047 -0.483137 0.596357 0.317556 0.409342 0.910803 1.16629 0.183102 0.432808 1.67807 1.04161 0.465812 2.40457 1.72863 0.479442 
0.641047 -0.483137 0.596357 0.317556 0.409342 0.910803 1.16629 0.183102 0.432808 1.67807 1.04161 0.465812 2.40457 1.72863 0.479442 
0.633705 -0.486556 0.601402 0.297416 0.400544 0.917633 1.1526 0.20151 0.439047 1.66413 1.06023 0.470385 2.3894 1.74858 0.482947 
0.633705 -0.486556 0.601402 0.297416 0.400544 0.917633 1.1526 0.20151 0.439047 1.66413 1.06023 0.470385 2.3894 1.74858 0.482947 
0.626284 -0.490042 0.606326 0.277578 0.391622 0.924308 1.13853 0.219952 0.445453 1.65004 1.07874 0.474951 2.37403 1.76846 0.486361 
0.626284 -0.490042 0.606326 0.277578 0.391622 0.924308 1.13853 0.219952 0.445453 1.65004 1.07874 0.474951 2.37403 1.76846 0.486361 
0.618785 -0.493592 0.611127 0.258045 0.382589 0.930828 1.12405 0.238425 0.452028 1.63578 1.09715 0.479508 2.35845 1.78827 0.489686 
0.618785 -0.493592 0.611127 0.258045 0.382589 0.930828 1.12405 0.238425 0.452028 1.63578 1.09715 0.479508 2.35845 1.78827 0.489686 
0.611212 -0.497206 0.6158 0.238818 0.373462 0.937194 1.10919 0.256926 0.458777 1.62137 1.11545 0.484057 2.34269 1.808 0.49292 
0.611212 -0.497206 0.6158 0.238818 0.373462 0.937194 1.10919 0.256926 0.458777 1.62137 1.11545 0.484057 2.34269 1.808 0.49292 
0.60357 -0.500883 0.620341 0.219899 0.364254 0.943403 1.09392 0.275456 0.465702 1.60679 1.13363 0.488596 2.32673 1.82763 0.496063 
0.60357 -0.500883 0.620341 0.219899 0.364254 0.943403 1.09392 0.275456 0.465702 1.60679 1.13363 0.488596 2.32673 1.82763 0.496063 
0.595861 -0.504619 0.624749 0.201289 0.354979 0.949457 1.07827 0.294012 0.472805 1.59207 1.1517 0.493127 2.31059 1.84718 0.499116 
0.595861 -0.504619 0.624749 0.201289 0.354979 0.949457 1.07827 0.294012 0.472805 1.59207 1.1517 0.493127 2.31059 1.84718 0.499116 
0.588091 -0.508414 0.629021 0.182991 0.345653 0.955354 1.06221 0.312594 0.480092 1.57719 1.16963 0.497647 2.29426 1.86662 0.502079 
0.588091 -0.508414 0.629021 0.182991 0.345653 0.955354 1.06221 0.312594 0.480092 1.57719 1.16963 0.497647 2.29426 1.86662 0.502079 
0.580262 -0.512267 0.633152 0.165008 0.33629 0.961093 1.04577 0.331204 0.487564 1.56217 1.18744 0.502157 2.27775 1.88596 0.504952 
0.580262 -0.512267 0.633152 0.165008 0.33629 0.961093 1.04577 0.331204 0.487564 1.56217 1.18744 0.502157 2.27775 1.88596 0.504952 
0.572379 -0.516174 0.637141 0.147341 0.326903 0.966673 1.02894 0.34984 0.495226 1.547 1.20512 0.506657 2.26107 1.90519 0.507737 
0.572379 -0.516174 0.637141 0.147341 0.326903 0.966673 1.02894 0.34984 0.495226 1.547 1.20512 0.506657 2.26107 1.90519 0.507737 
0.564447 -0.520135 0.640985 0.129995 0.317507 0.972094 1.01171 0.368504 0.503081 1.53169 1.22266 0.511146 2.24422 1.9243 0.510434 
0.564447 -0.520135 0.640985 0.129995 0.317507 0.972094 1.01171 0.368504 0.503081 1.53169 1.22266 0.511146 2.24422 1.9243 0.510434 
0.556469 -0.524147 0.644682 0.112971 0.308118 0.977354 0.994098 0.387199 0.511133 1.51624 1.24006 0.515623 2.2272 1.94328 0.513044 
0.556469 -0.524147 0.644682 0.112971 0.308118 0.977354 0.994098 0.387199 0.511133 1.51624 1.24006 0.515623 2.2272 1.94328 0.513044 
0.548449 -0.528209 0.648229 0.0962756 0.298749 0.982451 0.976096 0.405926 0.519386 1.50066 1.25731 0.52009 2.21002 1.96214 0.51557 
0.548449 -0.528209 0.648229 0.0962756 0.298749 0.982451 0.976096 0.405926 0.519386 1.50066 1.25731 0.52009 2.21002 1.96214 0.51557 
0.540391 -0.532318 0.651626 0.0799118 0.289417 0.987382 0.957708 0.424689 0.527845 1.48495 1.27441 0.524545 2.19268 1.98086 0.518012 
0.540391 -0.532318 0.651626 0.0799118 0.289417 0.987382 0.957708 0.424689 0.527845 1.48495 1.27441 0.524545 2.19268 1.98086 0.518012 
0.532301 -0.536473 0.654869 0.0638854 0.280137 0.992147 0.938936 0.443491 0.536514 1.46912 1.29135 0.528989 2.17518 1.99945 0.520374 
0.532301 -0.536473 0.654869 0.0638854 0.280137 0.992147 0.938936 0.443491 0.536514 1.46912 1.29135 0.528989 2.17518 1.99945 0.520374 
0.524181 -0.540673 0.657958 0.0482029 0.270925 0.996741 0.919782 0.462337 0.545397 1.45317 1.30813 0.533421 2.15753 2.01789 0.522658 
0.524181 -0.540673 0.657958 0.0482029 0.270925 0.996741 0.919782 0.462337 0.545397 1.45317 1.30813 0.533421 2.15753 2.01789 0.522658 
0.516036 -0.544914 0.660891 0.0328713 0.2618 1.00116 0.900248 0.481231 0.554499 1.4371 1.32475 0.537841 2.13974 2.03618 0.524868 
0.516036 -0.544914 0.660891 0.0328713 0.2618 1.00116 0.900248 0.481231 0.554499 1.4371 1.32475 0.537841 2.13974 2.03618 0.524868 
0.50787 -0.549195 0.663667 0.017899 0.252778 1.00541 0.880338 0.500178 0.563826 1.42093 1.34119 0.542251 2.12179 2.05433 0.527007 
0.50787 -0.549195 0.663667 0.017899 0.252778 1.00541 0.880338 0.500178 0.563826 1.42093 1.34119 0.542251 2.12179 2.05433 0.527007 
0.499688 -0.553514 0.666285 0.00329538 0.24388 1.00947 0.860054 0.519186 0.573381 1.40465 1.35746 0.546649 2.10371 2.07232 0.52908 
0.499688 -0.553514 0.666285 0.00329538 0.24388 1.00947 0.860054 0.519186 0.573381 1.40465 1.35746 0.546649 2.10371 2.07232 0.52908 
0.491491 -0.557868 0.668745 -0.0109289 0.235126 1.01335 0.8394 0.53826 0.583171 1.38828 1.37355 0.551038 2.08548 2.09015 0.531092 
0.491491 -0.557868 0.668745 -0.0109289 0.235126 1.01335 0.8394 0.53826 0.583171 1.38828 1.37355 0.551038 2.08548 2.09015 0.531092 
0.483286 -0.562256 0.671047 -0.0247617 0.226538 1.01703 0.818382 0.557407 0.593199 1.37181 1.38946 0.555418 2.06711 2.10782 0.53305 
0.483286 -0.562256 0.671047 -0.0247617 0.226538 1.01703 0.818382 0.557407 0.593199 1.37181 1.38946 0.555418 2.06711 2.10782 0.53305 
0.475073 -0.566675 0.673191 -0.0381895 0.218141 1.02052 0.797005 0.576635 0.60347 1.35525 1.40517 0.559791 2.04861 2.12532 0.534959 
0.475073 -0.566675 0.673191 -0.0381895 0.218141 1.02052 0.797005 0.576635 0.60347 1.35525 1.40517 0.559791 2.04861 2.12532 0.534959 
0.466857 -0.571122 0.675177 -0.0511975 0.20996 1.02381 0.775277 0.595949 0.613988 1.3386 1.42068 0.564158 2.02998 2.14266 0.536829 
0.466857 -0.571122 0.675177 -0.0511975 0.20996 1.02381 0.775277 0.595949 0.613988 1.3386 1.42068 0.564158 2.02998 2.14266 0.536829 
0.45864 -0.575594 0.677009 -0.063769 0.202022 1.02688 0.753206 0.615358 0.624758 1.32188 1.436 0.568522 2.0112 2.15984 0.538668 
0.45864 -0.575594 0.677009 -0.063769 0.202022 1.02688 0.753206 0.615358 0.624758 1.32188 1.436 0.568522 2.0112 2.15984 0.538668 
0.450424 -0.580088 0.678687 -0.075886 0.194358 1.02974 0.730803 0.634867 0.63578 1.30508 1.45111 0.572885 1.9923 2.17684 0.540486 
0.450424 -0.580088 0.678687 -0.075886 0.194358 1.02974 0.730803 0.634867 0.63578 1.30508 1.45111 0.572885 1.9923 2.17684 0.540486 
0.44221 -0.5846 0.680216 -0.0875293 0.187001 1.03238 0.708079 0.654481 0.647058 1.2882 1.46602 0.577253 1.97325 2.19367 0.542294 
0.44221 -0.5846 0.680216 -0.0875293 0.187001 1.03238 0.708079 0.654481 0.647058 1.2882 1.46602 0.577253 1.97325 2.19367 0.542294 
0.433999 -0.589125 0.681598 -0.0986784 0.179983 1.03477 0.685051 0.674204 0.658591 1.27125 1.48071 0.58163 1.95407 2.21033 0.544103 
0.433999 -0.589125 0.681598 -0.0986784 0.179983 1.03477 0.685051 0.674204 0.658591 1.27125 1.48071 0.58163 1.95407 2.21033 0.544103 
0.42579 -0.593658 0.682841 -0.109312 0.173343 1.03693 0.661735 0.694038 0.670377 1.25422 1.49519 0.586021 1.93474 2.22682 0.545927 
0.42579 -0.593658 0.682841 -0.109312 0.173343 1.03693 0.661735 0.694038 0.670377 1.25422 1.49519 0.586021 1.93474 2.22682 0.545927 
0.417582 -0.598194 0.683951 -0.119408 0.167117 1.03884 0.638153 0.713982 0.682411 1.23712 1.50946 0.590433 1.91527 2.24314 0.54778 
0.417582 -0.598194 0.683951 -0.119408 0.167117 1.03884 0.638153 0.713982 0.682411 1.23712 1.50946 0.590433 1.91527 2.24314 0.54778 
0.409372 -0.602724 0.684937 -0.128945 0.161345 1.04049 0.614328 0.73403 0.694687 1.21993 1.52351 0.594874 1.89564 2.25929 0.549675 
0.409372 -0.602724 0.684937 -0.128945 0.161345 1.04049 0.614328 0.73403 0.694687 1.21993 1.52351 0.594874 1.89564 2.25929 0.549675 
0.401156 -0.60724 0.685809 -0.137903 0.156067 1.04187 0.590287 0.754174 0.707195 1.20266 1.53736 0.599354 1.87586 2.27527 0.551627 
0.401156 -0.60724 0.685809 -0.137903 0.156067 1.04187 0.590287 0.754174 0.707195 1.20266 1.53736 0.599354 1.87586 2.27527 0.551627 
0.392928 -0.611733 0.686579 -0.146263 0.151321 1.04298 0.566059 0.774401 0.719921 1.18529 1.55099 0.603881 1.85592 2.29108 0.55365 
0.392928 -0.611733 0.686579 -0.146263 0.151321 1.04298 0.566059 0.774401 0.719921 1.18529 1.55099 0.603882 1.85592 2.29108 0.55365 
0.392928 -0.611733 0.686579 -0.146263 0.151321 1.04298 0.566059 0.774401 0.719921 1.18529 1.55099 0.603882 1.85592 2.29108 0.55365 
0.384681 -0.616191 0.687262 -0.154008 0.147145 1.04382 0.541679 0.79469 0.732847 1.16781 1.56442 0.608468 1.83581 2.30671 0.555757 
0.38468 -0.616191 0.687262 -0.154009 0.147144 1.04382 0.541678 0.794691 0.732848 1.16781 1.56442 0.608469 1.83581 2.30672 0.555757 
0.38468 -0.616191 0.687262 -0.154009 0.147144 1.04382 0.541678 0.794691 0.732848 1.16781 1.56442 0.608469 1.83581 2.30672 0.555757 
0.37652 -0.620543 0.687866 -0.161035 0.143615 1.04437 0.517515 0.81474 0.745773 1.15045 1.57748 0.613062 1.8158 2.32198 0.557929 
0.37652 -0.620543 0.687866 -0.161035 0.143615 1.04437 0.517515 0.81474 0.745773 1.15045 1.57748 0.613062 1.8158 2.32198 0.557929 
0.37652 -0.620543 0.687866 -0.161035 0.143615 1.04437 0.517515 0.81474 0.745773 1.15045 1.57748 0.613062 1.8158 2.32198 0.557929 
0.37652 -0.620543 0.687866 -0.161035 0.143615 1.04437 0.517515 0.81474 0.745773 1.15045 1.57748 0.613062 1.8158 2.32198 0.557929 
0.376665 -0.61434 0.693333 -0.16933 0.146245 1.04471 0.503484 0.823944 0.747981 1.13595 1.58596 0.608989 1.79261 2.3388 0.562674 
0.376665 -0.61434 0.693333 -0.16933 0.146245 1.04471 0.503484 0.823944 0.747981 1.13595 1.58596 0.608989 1.79261 2.3388 0.562674 
0.376783 -0.60804 0.698801 -0.177507 0.148915 1.04499 0.489501 0.833147 0.750151 1.12131 1.59459 0.605175 1.76919 2.35546 0.567276 
0.376783 -0.60804 0.698801 -0.177507 0.148915 1.04499 0.489501 0.833147 0.750151 1.12131 1.59459 0.605175 1.76919 2.35546 0.567276 
0.376881 -0.601651 0.704257 -0.185621 0.151599 1.04524 0.475527 0.842294 0.752286 1.10651 1.60332 0.601602 1.74557 2.37196 0.571698 
0.376881 -0.601651 0.704257 -0.185621 0.151599 1.04524 0.475527 0.842294 0.752286 1.10651 1.60332 0.601602 1.74557 2.37196 0.571698 
0.376957 -0.595173 0.709699 -0.193685 0.154284 1.04548 0.461552 0.851371 0.754385 1.09152 1.61214 0.598254 1.72174 2.38829 0.575936 
0.376957 -0.595173 0.709699 -0.193685 0.154284 1.04548 0.461552 0.851371 0.754385 1.09152 1.61214 0.598254 1.72174 2.38829 0.575936 
0.377013 -0.588606 0.715126 -0.20171 0.15696 1.0457 0.447564 0.860368 0.756453 1.07636 1.62102 0.595115 1.6977 2.40446 0.579985 
0.377013 -0.588606 0.715126 -0.20171 0.15696 1.0457 0.447564 0.860368 0.756453 1.07636 1.62102 0.595115 1.6977 2.40446 0.579985 
0.377047 -0.581949 0.720536 -0.209705 0.159617 1.0459 0.433554 0.869273 0.758492 1.06101 1.62996 0.592168 1.67346 2.42047 0.583844 
0.377047 -0.581949 0.720536 -0.209705 0.159617 1.0459 0.433554 0.869273 0.758492 1.06101 1.62996 0.592168 1.67346 2.42047 0.583844 
0.37706 -0.575203 0.725926 -0.217681 0.162247 1.04611 0.419514 0.878079 0.760505 1.04548 1.63894 0.589397 1.64902 2.4363 0.587513 
0.37706 -0.575203 0.725926 -0.217681 0.162247 1.04611 0.419514 0.878079 0.760505 1.04548 1.63894 0.589397 1.64902 2.4363 0.587513 
0.37705 -0.568366 0.731296 -0.225644 0.164841 1.0463 0.405435 0.886777 0.762495 1.02976 1.64794 0.586785 1.62438 2.45197 0.590991 
0.37705 -0.568366 0.731296 -0.225644 0.164841 1.0463 0.405435 0.886777 0.762495 1.02976 1.64794 0.586785 1.62438 2.45197 0.590991 
0.377018 -0.561439 0.736644 -0.2336 0.167392 1.0465 0.39131 0.895363 0.764465 1.01385 1.65695 0.584315 1.59953 2.46746 0.594279 
0.377018 -0.561439 0.736644 -0.2336 0.167392 1.0465 0.39131 0.895363 0.764465 1.01385 1.65695 0.584315 1.59953 2.46746 0.594279 
0.376964 -0.554421 0.741968 -0.241556 0.169893 1.0467 0.377134 0.90383 0.766419 0.997754 1.66595 0.581974 1.57448 2.48278 0.597378 
0.376964 -0.554421 0.741968 -0.241556 0.169893 1.0467 0.377134 0.90383 0.766419 0.997754 1.66595 0.581974 1.57448 2.48278 0.597378 
0.376886 -0.547312 0.747267 -0.249515 0.172339 1.04691 0.362901 0.912176 0.76836 0.981477 1.67494 0.579744 1.54922 2.49791 0.60029 
0.376886 -0.547312 0.747267 -0.249515 0.172339 1.04691 0.362901 0.912176 0.76836 0.981477 1.67494 0.579744 1.54922 2.49791 0.60029 
0.376785 -0.540111 0.752539 -0.25748 0.174725 1.04712 0.348605 0.920397 0.770291 0.965018 1.6839 0.577613 1.52377 2.51287 0.603017 
0.376785 -0.540111 0.752539 -0.25748 0.174725 1.04712 0.348605 0.920397 0.770291 0.965018 1.6839 0.577613 1.52377 2.51287 0.603017 
0.37666 -0.532817 0.757783 -0.265455 0.177047 1.04734 0.334244 0.928491 0.772214 0.94838 1.69282 0.575567 1.4981 2.52765 0.605562 
0.37666 -0.532817 0.757783 -0.265455 0.177047 1.04734 0.334244 0.928491 0.772214 0.94838 1.69282 0.575567 1.4981 2.52765 0.605562 
0.376511 -0.52543 0.762997 -0.27344 0.1793 1.04757 0.319814 0.936456 0.774134 0.931566 1.70168 0.573594 1.47224 2.54223 0.607925 
0.376511 -0.52543 0.762997 -0.27344 0.1793 1.04757 0.319814 0.936456 0.774134 0.931566 1.70168 0.573594 1.47224 2.54223 0.607925 
0.376337 -0.51795 0.768179 -0.281438 0.181481 1.0478 0.30531 0.944291 0.776052 0.914579 1.71049 0.571681 1.44617 2.55663 0.610111 
0.376337 -0.51795 0.768179 -0.281438 0.181481 1.0478 0.30531 0.944291 0.776052 0.914579 1.71049 0.571681 1.44617 2.55663 0.610111 
0.376138 -0.510375 0.773329 -0.289449 0.183587 1.04805 0.290732 0.951995 0.777972 0.897421 1.71922 0.569818 1.4199 2.57084 0.612122 
0.376138 -0.510375 0.773329 -0.289449 0.183587 1.04805 0.290732 0.951995 0.777972 0.897421 1.71922 0.569818 1.4199 2.57084 0.612122 
0.375913 -0.502706 0.778445 -0.297473 0.185616 1.0483 0.276077 0.959567 0.779895 0.880097 1.72787 0.567994 1.39342 2.58485 0.613959 
0.375913 -0.502706 0.778445 -0.297473 0.185616 1.0483 0.276077 0.959567 0.779895 0.880097 1.72787 0.567994 1.39342 2.58485 0.613959 
0.375662 -0.494942 0.783525 -0.30551 0.187566 1.04857 0.261344 0.967008 0.781825 0.86261 1.73643 0.566201 1.36674 2.59866 0.615626 
0.375662 -0.494942 0.783525 -0.30551 0.187566 1.04857 0.261344 0.967008 0.781825 0.86261 1.73643 0.566201 1.36674 2.59866 0.615626 
0.375384 -0.487081 0.788568 -0.313559 0.189436 1.04884 0.246529 0.974316 0.783763 0.844963 1.7449 0.564428 1.33986 2.61227 0.617124 
0.375384 -0.487081 0.788568 -0.313559 0.189436 1.04884 0.246529 0.974316 0.783763 0.844963 1.7449 0.564428 1.33986 2.61227 0.617124 
0.375078 -0.479124 0.793573 -0.321619 0.191223 1.04912 0.231634 0.981493 0.785712 0.82716 1.75327 0.562669 1.31278 2.62567 0.618457 
0.375078 -0.479124 0.793573 -0.321619 0.191223 1.04912 0.231634 0.981493 0.785712 0.82716 1.75327 0.562669 1.31278 2.62567 0.618457 
0.374744 -0.471069 0.798538 -0.329689 0.192927 1.04942 0.216656 0.988539 0.787674 0.809204 1.76152 0.560915 1.2855 2.63886 0.619626 
0.374744 -0.471069 0.798538 -0.329689 0.192927 1.04942 0.216656 0.988539 0.787674 0.809204 1.76152 0.560915 1.2855 2.63886 0.619626 
0.374381 -0.462916 0.803461 -0.337768 0.194547 1.04972 0.201596 0.995454 0.789651 0.7911 1.76966 0.55916 1.25802 2.65183 0.620633 
0.374381 -0.462916 0.803461 -0.337768 0.194547 1.04972 0.201596 0.995454 0.789651 0.7911 1.76966 0.55916 1.25802 2.65183 0.620633 
0.373988 -0.454665 0.808341 -0.345854 0.196082 1.05003 0.186452 1.00224 0.791645 0.77285 1.77768 0.557397 1.23034 2.66459 0.621481 
0.373988 -0.454665 0.808341 -0.345854 0.196082 1.05003 0.186452 1.00224 0.791645 0.77285 1.77768 0.557397 1.23034 2.66459 0.621481 
0.373564 -0.446314 0.813176 -0.353944 0.197533 1.05035 0.171225 1.0089 0.793657 0.754458 1.78556 0.55562 1.20246 2.67712 0.622172 
0.373564 -0.446314 0.813176 -0.353944 0.197533 1.05035 0.171225 1.0089 0.793657 0.754458 1.78556 0.55562 1.20246 2.67712 0.622172 
0.373108 -0.437863 0.817966 -0.362037 0.198898 1.05067 0.155914 1.01542 0.795689 0.735928 1.79332 0.553823 1.17439 2.68943 0.622706 
0.373108 -0.437863 0.817966 -0.362037 0.198898 1.05067 0.155914 1.01542 0.795689 0.735928 1.79332 0.553823 1.17439 2.68943 0.622706 
0.37262 -0.429311 0.822708 -0.370131 0.200179 1.051 0.14052 1.02182 0.797744 0.717263 1.80093 0.552002 1.14613 2.70151 0.623087 
0.37262 -0.429311 0.822708 -0.370131 0.200179 1.051 0.14052 1.02182 0.797744 0.717263 1.80093 0.552002 1.14613 2.70151 0.623087 
0.372099 -0.420658 0.8274 -0.378222 0.201375 1.05134 0.125042 1.0281 0.799823 0.698467 1.80841 0.550153 1.11767 2.71336 0.623316 
0.372099 -0.420658 0.8274 -0.378222 0.201375 1.05134 0.125042 1.0281 0.799823 0.698467 1.80841 0.550153 1.11767 2.71336 0.623316 
0.371543 -0.411902 0.832042 -0.386309 0.202488 1.05168 0.109481 1.03424 0.801927 0.679542 1.81573 0.54827 1.08902 2.72496 0.623395 
0.371543 -0.411902 0.832042 -0.386309 0.202488 1.05168 0.109481 1.03424 0.801927 0.679542 1.81573 0.54827 1.08902 2.72496 0.623395 
0.370951 -0.403044 0.836631 -0.394388 0.203517 1.05203 0.0938372 1.04027 0.804058 0.660493 1.82291 0.54635 1.06018 2.73633 0.623324 
0.370951 -0.403044 0.836631 -0.394388 0.203517 1.05203 0.0938372 1.04027 0.804058 0.660493 1.82291 0.54635 1.06018 2.73633 0.623324 
0.370323 -0.394083 0.841167 -0.402457 0.204464 1.05237 0.0781115 1.04617 0.806218 0.641323 1.82992 0.544389 1.03116 2.74744 0.623106 
0.370323 -0.394083 0.841167 -0.402457 0.204464 1.05237 0.0781115 1.04617 0.806218 0.641323 1.82992 0.544389 1.03116 2.74744 0.623106 
0.369656 -0.385018 0.845646 -0.410512 0.20533 1.05272 0.0623043 1.05194 0.808408 0.622034 1.83678 0.542384 1.00195 2.75831 0.622743 
0.369656 -0.385018 0.845646 -0.410512 0.20533 1.05272 0.0623043 1.05194 0.808408 0.622034 1.83678 0.542384 1.00195 2.75831 0.622743 
0.368951 -0.375848 0.850067 -0.418552 0.206116 1.05307 0.0464162 1.0576 0.810629 0.60263 1.84348 0.540332 0.972566 2.76892 0.622235 
0.368951 -0.375848 0.850067 -0.418552 0.206116 1.05307 0.0464162 1.0576 0.810629 0.60263 1.84348 0.540332 0.972566 2.76892 0.622235 
0.368206 -0.366573 0.85443 -0.426572 0.206823 1.05342 0.0304482 1.06314 0.812883 0.583115 1.85001 0.538231 0.942997 2.77928 0.621583 
0.368206 -0.366573 0.85443 -0.426572 0.206823 1.05342 0.0304482 1.06314 0.812883 0.583115 1.85001 0.538231 0.942997 2.77928 0.621583 
0.367419 -0.357193 0.85873 -0.43457 0.207453 1.05377 0.0144009 1.06856 0.815171 0.563491 1.85636 0.536077 0.913252 2.78937 0.62079 
0.367419 -0.357193 0.85873 -0.43457 0.207453 1.05377 0.0144009 1.06856 0.815171 0.563491 1.85636 0.536077 0.913252 2.78937 0.62079 
0.36659 -0.347707 0.862968 -0.442543 0.208009 1.05412 -0.00172471 1.07386 0.817495 0.543761 1.86255 0.53387 0.883333 2.7992 0.619856 
0.36659 -0.347707 0.862968 -0.442543 0.208009 1.05412 -0.00172471 1.07386 0.817495 0.543761 1.86255 0.53387 0.883333 2.7992 0.619856 
0.365716 -0.338115 0.86714 -0.450487 0.208491 1.05446 -0.0179276 1.07904 0.819856 0.523928 1.86856 0.531606 0.853242 2.80875 0.618783 
0.365716 -0.338115 0.86714 -0.450487 0.208491 1.05446 -0.0179276 1.07904 0.819856 0.523928 1.86856 0.531606 0.853242 2.80875 0.618783 
0.364797 -0.328416 0.871245 -0.458399 0.208903 1.0548 -0.0342068 1.08411 0.822255 0.503995 1.87439 0.529285 0.822982 2.81803 0.617572 
0.364797 -0.328416 0.871245 -0.458399 0.208903 1.0548 -0.0342068 1.08411 0.822255 0.503995 1.87439 0.529285 0.822982 2.81803 0.617572 
0.363831 -0.31861 0.875281 -0.466276 0.209246 1.05513 -0.0505611 1.08907 0.824692 0.483966 1.88004 0.526904 0.792557 2.82703 0.616224 
0.363831 -0.31861 0.875281 -0.466276 0.209246 1.05513 -0.0505611 1.08907 0.824692 0.483966 1.88004 0.526904 0.792557 2.82703 0.616224 
0.362816 -0.308697 0.879245 -0.474115 0.209522 1.05545 -0.0669896 1.09391 0.827171 0.463842 1.8855 0.524463 0.761968 2.83575 0.61474 
0.362816 -0.308697 0.879245 -0.474115 0.209522 1.05545 -0.0669896 1.09391 0.827171 0.463842 1.8855 0.524463 0.761968 2.83575 0.61474 
0.361752 -0.298677 0.883136 -0.481912 0.209736 1.05577 -0.0834908 1.09864 0.82969 0.443626 1.89078 0.52196 0.731221 2.84419 0.613121 
0.361752 -0.298677 0.883136 -0.481912 0.209736 1.05577 -0.0834908 1.09864 0.82969 0.443626 1.89078 0.52196 0.731221 2.84419 0.613121 
0.360637 -0.28855 0.886951 -0.489664 0.209888 1.05608 -0.100064 1.10326 0.832253 0.423321 1.89587 0.519395 0.700316 2.85233 0.61137 
0.360637 -0.28855 0.886951 -0.489664 0.209888 1.05608 -0.100064 1.10326 0.832253 0.423321 1.89587 0.519395 0.700316 2.85233 0.61137 
0.359468 -0.278315 0.890688 -0.497368 0.209984 1.05637 -0.116707 1.10778 0.834858 0.40293 1.90076 0.516766 0.669258 2.86018 0.609485 
0.359468 -0.278315 0.890688 -0.497368 0.209984 1.05637 -0.116707 1.10778 0.834858 0.40293 1.90076 0.516766 0.669258 2.86018 0.609485 
0.358246 -0.267972 0.894345 -0.50502 0.210024 1.05666 -0.133419 1.11218 0.837508 0.382455 1.90546 0.514074 0.638051 2.86773 0.60747 
0.358246 -0.267972 0.894345 -0.50502 0.210024 1.05666 -0.133419 1.11218 0.837508 0.382455 1.90546 0.514074 0.638051 2.86773 0.60747 
0.356968 -0.257523 0.897918 -0.512619 0.210014 1.05693 -0.150199 1.11648 0.840204 0.361899 1.90997 0.511317 0.606697 2.87498 0.605324 
0.356968 -0.257523 0.897918 -0.512619 0.210014 1.05693 -0.150199 1.11648 0.840204 0.361899 1.90997 0.511317 0.606697 2.87498 0.605324 
0.355632 -0.246966 0.901407 -0.520159 0.209956 1.05718 -0.167045 1.12068 0.842945 0.341263 1.91427 0.508497 0.5752 2.88192 0.603049 
0.355632 -0.246966 0.901407 -0.520159 0.209956 1.05718 -0.167045 1.12068 0.842945 0.341263 1.91427 0.508497 0.5752 2.88192 0.603049 
0.354237 -0.236303 0.904808 -0.527639 0.209854 1.05743 -0.183956 1.12477 0.845733 0.32055 1.91838 0.505612 0.543564 2.88856 0.600646 
0.354237 -0.236303 0.904808 -0.527639 0.209854 1.05743 -0.183956 1.12477 0.845733 0.32055 1.91838 0.505612 0.543564 2.88856 0.600646 
0.352782 -0.225533 0.908119 -0.535056 0.209712 1.05765 -0.20093 1.12876 0.848568 0.299762 1.92228 0.502662 0.511793 2.89488 0.598116 
0.352782 -0.225533 0.908119 -0.535056 0.209712 1.05765 -0.20093 1.12876 0.848568 0.299762 1.92228 0.502662 0.511793 2.89488 0.598116 
0.351265 -0.214658 0.911338 -0.542406 0.209534 1.05786 -0.217965 1.13265 0.851452 0.278902 1.92598 0.499649 0.479889 2.90089 0.59546 
0.351265 -0.214658 0.911338 -0.542406 0.209534 1.05786 -0.217965 1.13265 0.851452 0.278902 1.92598 0.499649 0.479889 2.90089 0.59546 
0.349684 -0.203677 0.914461 -0.549687 0.209324 1.05805 -0.235061 1.13643 0.854383 0.257971 1.92948 0.496572 0.447858 2.90657 0.59268 
0.349684 -0.203677 0.914461 -0.549687 0.209324 1.05805 -0.235061 1.13643 0.854383 0.257971 1.92948 0.496572 0.447858 2.90657 0.59268 
0.348038 -0.192592 0.917485 -0.556897 0.209085 1.05821 -0.252215 1.14012 0.857364 0.236972 1.93276 0.493431 0.415702 2.91193 0.589776 
0.348038 -0.192592 0.917485 -0.556897 0.209085 1.05821 -0.252215 1.14012 0.857364 0.236972 1.93276 0.493431 0.415702 2.91193 0.589776 
0.346325 -0.181403 0.92041 -0.564031 0.208823 1.05836 -0.269426 1.14371 0.860394 0.215905 1.93583 0.490229 0.383427 2.91697 0.586749 
0.346325 -0.181403 0.92041 -0.564031 0.208823 1.05836 -0.269426 1.14371 0.860394 0.215905 1.93583 0.490229 0.383427 2.91697 0.586749 
0.344543 -0.170111 0.92323 -0.571089 0.208542 1.05849 -0.286692 1.1472 0.863473 0.194775 1.93869 0.486964 0.351035 2.92168 0.5836 
0.344543 -0.170111 0.92323 -0.571089 0.208542 1.05849 -0.286692 1.1472 0.863473 0.194775 1.93869 0.486964 0.351035 2.92168 0.5836 
0.342692 -0.158717 0.925944 -0.578068 0.208246 1.05859 -0.304011 1.1506 0.866601 0.173581 1.94134 0.483639 0.318532 2.92605 0.580331 
0.342692 -0.158717 0.925944 -0.578068 0.208246 1.05859 -0.304011 1.1506 0.866601 0.173581 1.94134 0.483639 0.318532 2.92605 0.580331 
0.340769 -0.147222 0.928549 -0.584965 0.207939 1.05867 -0.321382 1.1539 0.869779 0.152325 1.94377 0.480253 0.285921 2.93008 0.576943 
0.340769 -0.147222 0.928549 -0.584965 0.207939 1.05867 -0.321382 1.1539 0.869779 0.152325 1.94377 0.480253 0.285921 2.93008 0.576943 
0.338773 -0.135628 0.931042 -0.591779 0.207628 1.05872 -0.338802 1.15711 0.873006 0.131011 1.94598 0.476809 0.253206 2.93378 0.573436 
0.338773 -0.135628 0.931042 -0.591779 0.207628 1.05872 -0.338802 1.15711 0.873006 0.131011 1.94598 0.476809 0.253206 2.93378 0.573436 
0.336703 -0.123936 0.93342 -0.598508 0.207315 1.05875 -0.35627 1.16022 0.876283 0.109638 1.94798 0.473306 0.220393 2.93713 0.569811 
0.336703 -0.123936 0.93342 -0.598508 0.207315 1.05875 -0.35627 1.16022 0.876283 0.109638 1.94798 0.473306 0.220393 2.93713 0.569811 
0.334557 -0.112147 0.935679 -0.60515 0.207007 1.05875 -0.373784 1.16324 0.879608 0.0882095 1.94975 0.469748 0.187485 2.94014 0.566071 
0.334557 -0.112147 0.935679 -0.60515 0.207007 1.05875 -0.373784 1.16324 0.879608 0.0882095 1.94975 0.469748 0.187485 2.94014 0.566071 
0.332334 -0.100262 0.937818 -0.611703 0.206708 1.05873 -0.391342 1.16616 0.882981 0.0667263 1.95129 0.466133 0.154487 2.9428 0.562215 
0.332334 -0.100262 0.937818 -0.611703 0.206708 1.05873 -0.391342 1.16616 0.882981 0.0667263 1.95129 0.466133 0.154487 2.9428 0.562215 
0.330032 -0.0882844 0.939833 -0.618166 0.206423 1.05867 -0.408942 1.169 0.886403 0.0451902 1.95262 0.462466 0.121404 2.9451 0.558245 
0.330032 -0.0882844 0.939833 -0.618166 0.206423 1.05867 -0.408942 1.169 0.886403 0.0451902 1.95262 0.462466 0.121404 2.9451 0.558245 
0.32765 -0.076215 0.941721 -0.624538 0.206157 1.05859 -0.426582 1.17174 0.889872 0.0236028 1.95371 0.458745 0.0882398 2.94705 0.554161 
0.32765 -0.076215 0.941721 -0.624538 0.206157 1.05859 -0.426582 1.17174 0.889872 0.0236028 1.95371 0.458745 0.0882398 2.94705 0.554161 
0.325187 -0.0640558 0.943478 -0.630818 0.205915 1.05848 -0.444259 1.17439 0.893387 0.00196556 1.95458 0.454974 0.0549996 2.94865 0.549966 
0.325187 -0.0640558 0.943478 -0.630818 0.205915 1.05848 -0.444259 1.17439 0.893387 0.00196556 1.95458 0.454974 0.0549996 2.94865 0.549966 
0.322642 -0.051809 0.945103 -0.637005 0.205702 1.05833 -0.461973 1.17695 0.896949 -0.0197198 1.95521 0.451154 0.0216881 2.94988 0.54566 
0.322642 -0.051809 0.945103 -0.637005 0.205702 1.05833 -0.461973 1.17695 0.896949 -0.0197198 1.95521 0.451154 0.0216881 2.94988 0.54566 
0.320012 -0.0394767 0.946591 -0.643099 0.205522 1.05816 -0.47972 1.17942 0.900555 -0.0414518 1.95561 0.447285 -0.01169 2.95075 0.541244 
0.320012 -0.0394767 0.946591 -0.643099 0.205522 1.05816 -0.47972 1.17942 0.900555 -0.0414518 1.95561 0.447285 -0.01169 2.95075 0.541244 
0.317298 -0.0270613 0.94794 -0.649098 0.205381 1.05796 -0.497498 1.18179 0.904204 -0.0632287 1.95578 0.443371 -0.0451296 2.95125 0.536718 
0.317298 -0.0270613 0.94794 -0.649098 0.205381 1.05796 -0.497498 1.18179 0.904204 -0.0632287 1.95578 0.443371 -0.0451296 2.95125 0.536718 
0.314498 -0.0145651 0.949147 -0.655003 0.205284 1.05772 -0.515305 1.18408 0.907897 -0.085049 1.95571 0.439413 -0.0786258 2.95139 0.532086 
0.314498 -0.0145651 0.949147 -0.655003 0.205284 1.05772 -0.515305 1.18408 0.907897 -0.085049 1.95571 0.439413 -0.0786258 2.95139 0.532086 
0.31161 -0.00199064 0.950208 -0.660814 0.205235 1.05745 -0.533139 1.18627 0.911631 -0.106911 1.9554 0.435412 -0.112174 2.95116 0.527346 
0.31161 -0.00199064 0.950208 -0.660814 0.205235 1.05745 -0.533139 1.18627 0.911631 -0.106911 1.9554 0.435412 -0.112174 2.95116 0.527346 
0.308635 0.0106593 0.951121 -0.666531 0.205239 1.05716 -0.550998 1.18838 0.915405 -0.128813 1.95485 0.43137 -0.145768 2.95055 0.5225 
0.308635 0.0106593 0.951121 -0.666531 0.205239 1.05716 -0.550998 1.18838 0.915405 -0.128813 1.95485 0.43137 -0.145768 2.95055 0.5225 
0.305571 0.023382 0.951883 -0.672153 0.205301 1.05683 -0.568879 1.19039 0.919217 -0.150753 1.95406 0.42729 -0.179404 2.94957 0.51755 
0.305571 0.023382 0.951883 -0.672153 0.205301 1.05683 -0.568879 1.19039 0.919217 -0.150753 1.95406 0.42729 -0.179404 2.94957 0.51755 
0.302417 0.0361746 0.952489 -0.677683 0.205426 1.05646 -0.58678 1.19231 0.923067 -0.17273 1.95302 0.423172 -0.213075 2.94821 0.512497 
0.302417 0.0361746 0.952489 -0.677683 0.205426 1.05646 -0.58678 1.19231 0.923067 -0.17273 1.95302 0.423172 -0.213075 2.94821 0.512497 
0.299173 0.049034 0.952939 -0.683119 0.205618 1.05607 -0.604698 1.19414 0.926952 -0.194741 1.95174 0.419019 -0.246778 2.94647 0.50734 
0.299173 0.049034 0.952939 -0.683119 0.205618 1.05607 -0.604698 1.19414 0.926952 -0.194741 1.95174 0.419019 -0.246778 2.94647 0.50734 
0.295837 0.0619571 0.953227 -0.688464 0.205882 1.05564 -0.622631 1.19588 0.930871 -0.216786 1.95021 0.414833 -0.280506 2.94436 0.502083 
0.295837 0.0619571 0.953227 -0.688464 0.205882 1.05564 -0.622631 1.19588 0.930871 -0.216786 1.95021 0.414833 -0.280506 2.94436 0.502083 
0.29241 0.0749407 0.953353 -0.693718 0.206221 1.05519 -0.640577 1.19753 0.934821 -0.23886 1.94842 0.410616 -0.314255 2.94185 0.496725 
0.29241 0.0749407 0.953353 -0.693718 0.206221 1.05519 -0.640577 1.19753 0.934821 -0.23886 1.94842 0.410616 -0.314255 2.94185 0.496725 
0.288889 0.0879813 0.953312 -0.698882 0.20664 1.0547 -0.658533 1.19908 0.938802 -0.260964 1.94639 0.406368 -0.348018 2.93897 0.491268 
0.288889 0.0879813 0.953312 -0.698882 0.20664 1.0547 -0.658533 1.19908 0.938802 -0.260964 1.94639 0.406368 -0.348018 2.93897 0.491268 
0.285276 0.101076 0.953101 -0.703958 0.207144 1.05418 -0.676497 1.20054 0.942811 -0.283094 1.9441 0.402094 -0.381791 2.9357 0.485712 
0.285276 0.101076 0.953101 -0.703958 0.207144 1.05418 -0.676497 1.20054 0.942811 -0.283094 1.9441 0.402094 -0.381791 2.9357 0.485712 
0.281569 0.11422 0.952719 -0.708947 0.207736 1.05362 -0.694465 1.20191 0.946847 -0.305249 1.94155 0.397793 -0.415567 2.93204 0.48006 
0.281569 0.11422 0.952719 -0.708947 0.207736 1.05362 -0.694465 1.20191 0.946847 -0.305249 1.94155 0.397793 -0.415567 2.93204 0.48006 
0.277769 0.127411 0.952162 -0.713851 0.20842 1.05304 -0.712436 1.20319 0.950906 -0.327425 1.93874 0.393469 -0.449342 2.92799 0.474311 
0.277769 0.127411 0.952162 -0.713851 0.20842 1.05304 -0.712436 1.20319 0.950906 -0.327425 1.93874 0.393469 -0.449342 2.92799 0.474311 
0.273874 0.140644 0.951427 -0.718672 0.209199 1.05243 -0.730407 1.20437 0.954987 -0.349622 1.93568 0.389122 -0.483109 2.92355 0.468467 
0.273874 0.140644 0.951427 -0.718672 0.209199 1.05243 -0.730407 1.20437 0.954987 -0.349622 1.93568 0.389122 -0.483109 2.92355 0.468467 
0.269884 0.153916 0.950512 -0.723412 0.210078 1.05179 -0.748375 1.20546 0.959088 -0.371835 1.93235 0.384756 -0.516864 2.91872 0.46253 
0.269884 0.153916 0.950512 -0.723412 0.210078 1.05179 -0.748375 1.20546 0.959088 -0.371835 1.93235 0.384756 -0.516864 2.91872 0.46253 
0.2658 0.167223 0.949414 -0.728072 0.211059 1.05112 -0.766338 1.20645 0.963207 -0.394064 1.92876 0.380372 -0.550599 2.91349 0.4565 
0.2658 0.167223 0.949414 -0.728072 0.211059 1.05112 -0.766338 1.20645 0.963207 -0.394064 1.92876 0.380372 -0.550599 2.91349 0.4565 
0.261621 0.18056 0.948132 -0.732656 0.212146 1.05042 -0.784292 1.20735 0.967341 -0.416304 1.9249 0.375971 -0.584311 2.90788 0.450378 
0.261621 0.18056 0.948132 -0.732656 0.212146 1.05042 -0.784292 1.20735 0.967341 -0.416304 1.9249 0.375971 -0.584311 2.90788 0.450378 
0.257347 0.193924 0.946661 -0.737164 0.213343 1.04969 -0.802237 1.20815 0.971488 -0.438554 1.92077 0.371557 -0.617992 2.90186 0.444165 
0.257347 0.193924 0.946661 -0.737164 0.213343 1.04969 -0.802237 1.20815 0.971488 -0.438554 1.92077 0.371557 -0.617992 2.90186 0.444165 
0.252978 0.20731 0.945 -0.741601 0.21465 1.04894 -0.820168 1.20886 0.975645 -0.460811 1.91638 0.36713 -0.651637 2.89545 0.437863 
0.252978 0.20731 0.945 -0.741601 0.21465 1.04894 -0.820168 1.20886 0.975645 -0.460811 1.91638 0.36713 -0.651637 2.89545 0.437863 
0.248515 0.220713 0.943147 -0.745967 0.216073 1.04816 -0.838083 1.20947 0.979811 -0.483071 1.91171 0.362692 -0.685241 2.88865 0.431473 
0.248515 0.220713 0.943147 -0.745967 0.216073 1.04816 -0.838083 1.20947 0.979811 -0.483071 1.91171 0.362692 -0.685241 2.88865 0.431473 
0.243956 0.234131 0.9411 -0.750267 0.217613 1.04735 -0.85598 1.20999 0.983982 -0.505331 1.90677 0.358247 -0.718796 2.88144 0.424996 
0.243956 0.234131 0.9411 -0.750267 0.217613 1.04735 -0.85598 1.20999 0.983982 -0.505331 1.90677 0.358247 -0.718796 2.88144 0.424996 
0.239303 0.247557 0.938856 -0.754502 0.219272 1.04652 -0.873856 1.21041 0.988156 -0.527589 1.90156 0.353794 -0.752299 2.87384 0.418432 
0.239303 0.247557 0.938856 -0.754502 0.219272 1.04652 -0.873856 1.21041 0.988156 -0.527589 1.90156 0.353794 -0.752299 2.87384 0.418432 
0.234556 0.260987 0.936413 -0.758675 0.221053 1.04567 -0.891709 1.21073 0.992332 -0.549842 1.89607 0.349338 -0.785742 2.86584 0.411783 
0.234556 0.260987 0.936413 -0.758675 0.221053 1.04567 -0.891709 1.21073 0.992332 -0.549842 1.89607 0.349338 -0.785742 2.86584 0.411783 
0.229715 0.274417 0.93377 -0.762789 0.222958 1.04479 -0.909535 1.21095 0.996505 -0.572085 1.8903 0.344878 -0.819119 2.85744 0.405051 
0.229715 0.274417 0.93377 -0.762789 0.222958 1.04479 -0.909535 1.21095 0.996505 -0.572085 1.8903 0.344878 -0.819119 2.85744 0.405051 
0.224781 0.287842 0.930925 -0.766847 0.224989 1.04389 -0.927332 1.21108 1.00067 -0.594317 1.88426 0.340418 -0.852425 2.84865 0.398235 
0.224781 0.287842 0.930925 -0.766847 0.224989 1.04389 -0.927332 1.21108 1.00067 -0.594317 1.88426 0.340418 -0.852425 2.84865 0.398235 
0.219753 0.301256 0.927876 -0.770851 0.227148 1.04298 -0.945098 1.21111 1.00484 -0.616532 1.87793 0.33596 -0.885654 2.83945 0.391338 
0.219753 0.301256 0.927876 -0.770851 0.227148 1.04298 -0.945098 1.21111 1.00484 -0.616532 1.87793 0.33596 -0.885654 2.83945 0.391338 
0.214633 0.314656 0.924621 -0.774805 0.229435 1.04204 -0.96283 1.21104 1.00899 -0.638729 1.87133 0.331504 -0.918799 2.82985 0.384361 
0.214633 0.314656 0.924621 -0.774805 0.229435 1.04204 -0.96283 1.21104 1.00899 -0.638729 1.87133 0.331504 -0.918799 2.82985 0.384361 
0.20942 0.328037 0.92116 -0.778711 0.231854 1.04108 -0.980526 1.21088 1.01313 -0.660902 1.86444 0.327054 -0.951855 2.81986 0.377304 
0.20942 0.328037 0.92116 -0.778711 0.231854 1.04108 -0.980526 1.21088 1.01313 -0.660902 1.86444 0.327054 -0.951855 2.81986 0.377304 
0.204115 0.341392 0.917491 -0.782572 0.234405 1.04011 -0.998183 1.21062 1.01726 -0.68305 1.85727 0.322612 -0.984815 2.80947 0.370169 
0.204115 0.341392 0.917491 -0.782572 0.234405 1.04011 -0.998183 1.21062 1.01726 -0.68305 1.85727 0.322612 -0.984815 2.80947 0.370169 
0.19872 0.354717 0.913612 -0.786391 0.237088 1.03911 -1.0158 1.21026 1.02137 -0.705167 1.84982 0.318178 -1.01767 2.79868 0.362956 
0.19872 0.354717 0.913612 -0.786391 0.237088 1.03911 -1.0158 1.21026 1.02137 -0.705167 1.84982 0.318178 -1.01767 2.79868 0.362956 
0.193234 0.368008 0.909523 -0.790172 0.239906 1.03811 -1.03337 1.2098 1.02546 -0.72725 1.84208 0.313756 -1.05042 2.78749 0.355668 
0.193234 0.368008 0.909523 -0.790172 0.239906 1.03811 -1.03337 1.2098 1.02546 -0.72725 1.84208 0.313756 -1.05042 2.78749 0.355668 
0.187658 0.381258 0.905222 -0.793916 0.24286 1.03709 -1.05089 1.20925 1.02953 -0.749296 1.83405 0.309348 -1.08306 2.77591 0.348304 
0.187658 0.381258 0.905222 -0.793916 0.24286 1.03709 -1.05089 1.20925 1.02953 -0.749296 1.83405 0.309348 -1.08306 2.77591 0.348304 
0.181993 0.394462 0.90071 -0.797626 0.245949 1.03605 -1.06837 1.2086 1.03357 -0.7713 1.82574 0.304955 -1.11558 2.76393 0.340867 
0.181993 0.394462 0.90071 -0.797626 0.245949 1.03605 -1.06837 1.2086 1.03357 -0.7713 1.82574 0.304955 -1.11558 2.76393 0.340867 
0.17624 0.407616 0.895985 -0.801306 0.249174 1.035 -1.0858 1.20785 1.03759 -0.793259 1.81715 0.30058 -1.14797 2.75155 0.333357 
0.17624 0.407616 0.895985 -0.801306 0.249174 1.035 -1.0858 1.20785 1.03759 -0.793259 1.81715 0.30058 -1.14797 2.75155 0.333357 
0.170399 0.420714 0.891047 -0.804959 0.252537 1.03394 -1.10317 1.20701 1.04157 -0.815169 1.80827 0.296225 -1.18023 2.73878 0.325775 
0.170399 0.420714 0.891047 -0.804959 0.252537 1.03394 -1.10317 1.20701 1.04157 -0.815169 1.80827 0.296225 -1.18023 2.73878 0.325775 
0.164471 0.433751 0.885895 -0.808586 0.256038 1.03287 -1.12049 1.20607 1.04553 -0.837025 1.7991 0.291892 -1.21235 2.72562 0.318123 
0.164471 0.433751 0.885895 -0.808586 0.256038 1.03287 -1.12049 1.20607 1.04553 -0.837025 1.7991 0.291892 -1.21235 2.72562 0.318123 
0.158457 0.44672 0.88053 -0.81219 0.259676 1.03179 -1.13775 1.20503 1.04945 -0.858824 1.78964 0.287583 -1.24433 2.71207 0.310401 
0.158457 0.44672 0.88053 -0.81219 0.259676 1.03179 -1.13775 1.20503 1.04945 -0.858824 1.78964 0.287583 -1.24433 2.71207 0.310401 
0.152358 0.459618 0.874951 -0.815775 0.263452 1.03071 -1.15495 1.2039 1.05333 -0.880562 1.7799 0.2833 -1.27615 2.69812 0.30261 
0.152358 0.459618 0.874951 -0.815775 0.263452 1.03071 -1.15495 1.2039 1.05333 -0.880562 1.7799 0.2833 -1.27615 2.69812 0.30261 
0.146175 0.472437 0.869159 -0.819342 0.267367 1.02961 -1.17208 1.20268 1.05718 -0.902235 1.76987 0.279047 -1.30782 2.68379 0.294753 
0.146175 0.472437 0.869159 -0.819342 0.267367 1.02961 -1.17208 1.20268 1.05718 -0.902235 1.76987 0.279047 -1.30782 2.68379 0.294753 
0.139908 0.485173 0.863153 -0.822894 0.27142 1.02851 -1.18916 1.20136 1.06098 -0.923838 1.75955 0.274824 -1.33933 2.66907 0.286829 
0.139908 0.485173 0.863153 -0.822894 0.27142 1.02851 -1.18916 1.20136 1.06098 -0.923838 1.75955 0.274824 -1.33933 2.66907 0.286829 
0.133558 0.497821 0.856935 -0.826433 0.275611 1.0274 -1.20617 1.19995 1.06473 -0.945368 1.74895 0.270635 -1.37067 2.65396 0.27884 
0.133558 0.497821 0.856935 -0.826433 0.275611 1.0274 -1.20617 1.19995 1.06473 -0.945368 1.74895 0.270635 -1.37067 2.65396 0.27884 
0.127127 0.510373 0.850505 -0.829962 0.27994 1.02628 -1.22311 1.19845 1.06845 -0.966821 1.73806 0.266482 -1.40183 2.63847 0.270786 
0.127127 0.510373 0.850505 -0.829962 0.27994 1.02628 -1.22311 1.19845 1.06845 -0.966821 1.73806 0.266482 -1.40183 2.63847 0.270786 
0.120614 0.522826 0.843863 -0.833483 0.284407 1.02516 -1.23998 1.19685 1.07211 -0.988193 1.72688 0.262368 -1.43282 2.6226 0.262669 
0.120614 0.522826 0.843863 -0.833483 0.284407 1.02516 -1.23998 1.19685 1.07211 -0.988193 1.72688 0.262368 -1.43282 2.6226 0.262669 
0.114022 0.535174 0.837011 -0.836998 0.289012 1.02404 -1.25677 1.19517 1.07572 -1.00948 1.71543 0.258294 -1.46361 2.60635 0.25449 
0.114022 0.535174 0.837011 -0.836998 0.289012 1.02404 -1.25677 1.19517 1.07572 -1.00948 1.71543 0.258294 -1.46361 2.60635 0.25449 
0.10735 0.54741 0.829951 -0.840509 0.293755 1.02291 -1.2735 1.19339 1.07927 -1.03068 1.70369 0.254264 -1.49421 2.58973 0.24625 
0.10735 0.54741 0.829951 -0.840509 0.293755 1.02291 -1.2735 1.19339 1.07927 -1.03068 1.70369 0.254264 -1.49421 2.58973 0.24625 
0.100601 0.55953 0.822682 -0.844018 0.298635 1.02178 -1.29015 1.19152 1.08277 -1.05178 1.69166 0.250279 -1.52462 2.57273 0.237949 
0.100601 0.55953 0.822682 -0.844018 0.298635 1.02178 -1.29015 1.19152 1.08277 -1.05178 1.69166 0.250279 -1.52462 2.57273 0.237949 
0.0937736 0.571527 0.815208 -0.847526 0.303651 1.02065 -1.30672 1.18957 1.08621 -1.07279 1.67936 0.246344 -1.55482 2.55535 0.229589 
0.0937736 0.571527 0.815208 -0.847526 0.303651 1.02065 -1.30672 1.18957 1.08621 -1.07279 1.67936 0.246344 -1.55482 2.55535 0.229589 
0.08687 0.583396 0.807529 -0.851037 0.308805 1.01952 -1.32321 1.18752 1.08959 -1.09369 1.66678 0.242459 -1.58481 2.53761 0.22117 
0.08687 0.583396 0.807529 -0.851037 0.308805 1.01952 -1.32321 1.18752 1.08959 -1.09369 1.66678 0.242459 -1.58481 2.53761 0.22117 
0.0798908 0.595132 0.799648 -0.85455 0.314094 1.01839 -1.33962 1.18539 1.09291 -1.11449 1.65392 0.238629 -1.61458 2.5195 0.212694 
0.0798908 0.595132 0.799648 -0.85455 0.314094 1.01839 -1.33962 1.18539 1.09291 -1.11449 1.65392 0.238629 -1.61458 2.5195 0.212694 
0.0728369 0.606728 0.791566 -0.858069 0.31952 1.01725 -1.35595 1.18317 1.09616 -1.13518 1.64078 0.234856 -1.64413 2.50103 0.204161 
0.0728369 0.606728 0.791566 -0.858069 0.31952 1.01725 -1.35595 1.18317 1.09616 -1.13518 1.64078 0.234856 -1.64413 2.50103 0.204161 
0.0657091 0.618179 0.783286 -0.861594 0.325081 1.01612 -1.3722 1.18086 1.09935 -1.15576 1.62737 0.231142 -1.67345 2.4822 0.195572 
0.0657091 0.618179 0.783286 -0.861594 0.325081 1.01612 -1.3722 1.18086 1.09935 -1.15576 1.62737 0.231142 -1.67345 2.4822 0.195572 
0.0585083 0.62948 0.774811 -0.865127 0.330777 1.01498 -1.38836 1.17847 1.10247 -1.17623 1.61369 0.22749 -1.70253 2.46301 0.186928 
0.0585083 0.62948 0.774811 -0.865127 0.330777 1.01498 -1.38836 1.17847 1.10247 -1.17623 1.61369 0.22749 -1.70253 2.46301 0.186928 
0.0512354 0.640625 0.766143 -0.868669 0.336607 1.01384 -1.40443 1.17599 1.10551 -1.19657 1.59973 0.223904 -1.73138 2.44347 0.178229 
0.0512354 0.640625 0.766143 -0.868669 0.336607 1.01384 -1.40443 1.17599 1.10551 -1.19657 1.59973 0.223904 -1.73138 2.44347 0.178229 
0.0438911 0.651608 0.757285 -0.872222 0.342572 1.0127 -1.42041 1.17342 1.10849 -1.21679 1.58551 0.220386 -1.75998 2.42358 0.169477 
0.0438911 0.651608 0.757285 -0.872222 0.342572 1.0127 -1.42041 1.17342 1.10849 -1.21679 1.58551 0.220386 -1.75998 2.42358 0.169477 
0.0364762 0.662425 0.74824 -0.875786 0.348671 1.01156 -1.43631 1.17077 1.11138 -1.23689 1.57103 0.21694 -1.78833 2.40334 0.160672 
0.0364762 0.662425 0.74824 -0.875786 0.348671 1.01156 -1.43631 1.17077 1.11138 -1.23689 1.57103 0.21694 -1.78833 2.40334 0.160672 
0.0289917 0.673068 0.739012 -0.879364 0.354904 1.01043 -1.45211 1.16804 1.1142 -1.25686 1.55628 0.213567 -1.81643 2.38276 0.151814 
0.0289917 0.673068 0.739012 -0.879364 0.354904 1.01043 -1.45211 1.16804 1.1142 -1.25686 1.55628 0.213567 -1.81643 2.38276 0.151814 
0.0214382 0.683534 0.729604 -0.882956 0.36127 1.00928 -1.46782 1.16523 1.11695 -1.27669 1.54127 0.210271 -1.84426 2.36184 0.142906 
0.0214382 0.683534 0.729604 -0.882956 0.36127 1.00928 -1.46782 1.16523 1.11695 -1.27669 1.54127 0.210271 -1.84426 2.36184 0.142906 
0.0138165 0.693816 0.72002 -0.886562 0.367769 1.00814 -1.48343 1.16233 1.11961 -1.29639 1.52601 0.207056 -1.87182 2.34059 0.133946 
0.0138165 0.693816 0.72002 -0.886562 0.367769 1.00814 -1.48343 1.16233 1.11961 -1.29639 1.52601 0.207056 -1.87182 2.34059 0.133946 
0.00612746 0.703909 0.710264 -0.890185 0.374401 1.00699 -1.49895 1.15935 1.12219 -1.31595 1.51049 0.203923 -1.89911 2.319 0.124936 
0.00612746 0.703909 0.710264 -0.890185 0.374401 1.00699 -1.49895 1.15935 1.12219 -1.31595 1.51049 0.203923 -1.89911 2.319 0.124936 
-0.00162832 0.713808 0.700339 -0.893826 0.381165 1.00585 -1.51436 1.15628 1.12468 -1.33537 1.49473 0.200877 -1.92612 2.29709 0.115876 
-0.00162832 0.713808 0.700339 -0.893826 0.381165 1.00585 -1.51436 1.15628 1.12468 -1.33537 1.49473 0.200877 -1.92612 2.29709 0.115876 
-0.00945008 0.723508 0.690251 -0.897484 0.388061 1.00469 -1.52968 1.15314 1.12709 -1.35464 1.47872 0.19792 -1.95285 2.27485 0.106767 
-0.00945008 0.723508 0.690251 -0.897484 0.388061 1.00469 -1.52968 1.15314 1.12709 -1.35464 1.47872 0.19792 -1.95285 2.27485 0.106767 
-0.0173371 0.733003 0.680005 -0.901161 0.39509 1.00353 -1.5449 1.14991 1.12941 -1.37377 1.46246 0.195055 -1.97929 2.2523 0.0976098 
-0.0173371 0.733003 0.680005 -0.901161 0.39509 1.00353 -1.5449 1.14991 1.12941 -1.37377 1.46246 0.195055 -1.97929 2.2523 0.0976098 
-0.0252888 0.742288 0.669604 -0.904858 0.40225 1.00237 -1.56001 1.1466 1.13165 -1.39275 1.44597 0.192285 -2.00544 2.22944 0.088404 
-0.0252888 0.742288 0.669604 -0.904858 0.40225 1.00237 -1.56001 1.1466 1.13165 -1.39275 1.44597 0.192285 -2.00544 2.22944 0.088404 
-0.0333044 0.751358 0.659054 -0.908576 0.409543 1.0012 -1.57502 1.14321 1.13379 -1.41158 1.42924 0.189613 -2.03129 2.20626 0.0791504 
-0.0333044 0.751358 0.659054 -0.908576 0.409543 1.0012 -1.57502 1.14321 1.13379 -1.41158 1.42924 0.189613 -2.03129 2.20626 0.0791504 
-0.0413832 0.760208 0.64836 -0.912315 0.416967 1.00002 -1.58992 1.13974 1.13585 -1.43026 1.41228 0.187042 -2.05684 2.18278 0.0698496 
-0.0413833 0.760208 0.64836 -0.912315 0.416967 1.00002 -1.58992 1.13974 1.13585 -1.43026 1.41228 0.187042 -2.05684 2.18278 0.0698494 
-0.0413833 0.760208 0.64836 -0.912315 0.416967 1.00002 -1.58992 1.13974 1.13585 -1.43026 1.41228 0.187042 -2.05684 2.18278 0.0698494 
-0.0495248 0.768833 0.637528 -0.916077 0.424522 0.998827 -1.60471 1.13619 1.13781 -1.44879 1.3951 0.184576 -2.08207 2.15901 0.0605016 
-0.0495249 0.768834 0.637528 -0.916077 0.424522 0.998827 -1.60471 1.13619 1.13781 -1.44879 1.3951 0.184576 -2.08207 2.15901 0.0605015 
-0.0495249 0.768834 0.637528 -0.916077 0.424522 0.998827 -1.60471 1.13619 1.13781 -1.44879 1.3951 0.184576 -2.08207 2.15901 0.0605015 
-0.0537298 0.773225 0.631868 -0.918055 0.428462 0.998218 -1.61233 1.13432 1.13879 -1.4583 1.38613 0.183338 -2.095 2.14659 0.0556481 


