0.5 0 0.3 -0.5 0 0.3 
0.5 0 0.3 -0.5 0 0.3 
0.5 0 0.3 -0.5 0 0.3 
0.5 0 0.3 -0.5 0 0.3 
0.49133 0.0408325 0.308851 -0.505874 -0.0329928 0.320459 
0.49133 0.0408325 0.308851 -0.505874 -0.0329928 0.320459 
0.479887 0.0837321 0.316531 -0.50817 -0.0684865 0.340466 
0.479887 0.0837321 0.316531 -0.50817 -0.0684865 0.340466 
0.465048 0.128466 0.323139 -0.506324 -0.106217 0.360041 
0.465048 0.128466 0.323139 -0.506324 -0.106217 0.360041 
0.446171 0.174671 0.328791 -0.499749 -0.14579 0.379181 
0.446171 0.174671 0.328791 -0.499749 -0.14579 0.379181 
0.422623 0.221837 0.333626 -0.48787 -0.186667 0.39786 
0.422623 0.221837 0.333626 -0.48787 -0.186667 0.39786 
0.393815 0.269293 0.337807 -0.47015 -0.228146 0.416025 
0.393815 0.269293 0.337807 -0.47015 -0.228146 0.416025 
0.359245 0.316198 0.34152 -0.446141 -0.269359 0.433594 
0.359245 0.316198 0.34152 -0.446141 -0.269359 0.433594 
0.318546 0.361552 0.344978 -0.415527 -0.309276 0.45046 
0.318546 0.361552 0.344978 -0.415527 -0.309276 0.45046 
0.271544 0.404211 0.348413 -0.378184 -0.346729 0.466491 
0.271544 0.404211 0.348413 -0.378184 -0.346729 0.466491 
0.218302 0.442932 0.35207 -0.334224 -0.380446 0.481539 
0.218302 0.442932 0.35207 -0.334224 -0.380446 0.481539 
0.159167 0.476424 0.356202 -0.28404 -0.409114 0.495445 
0.159167 0.476424 0.356202 -0.28404 -0.409114 0.495445 
0.0947928 0.503426 0.361054 -0.228331 -0.431445 0.508054 
0.0947928 0.503426 0.361054 -0.228331 -0.431445 0.508054 
0.0261433 0.522784 0.366855 -0.168105 -0.446262 0.519229 
0.0261433 0.522784 0.366855 -0.168105 -0.446262 0.519229 
-0.0455283 0.533544 0.373799 -0.104658 -0.452589 0.52886 
-0.0455283 0.533544 0.373799 -0.104658 -0.452589 0.52886 
-0.118733 0.535031 0.382037 -0.0395211 -0.449727 0.536881 
-0.118733 0.535031 0.382037 -0.0395211 -0.449727 0.536881 
-0.191824 0.526908 0.391663 0.0256183 -0.437318 0.543279 
-0.191824 0.526908 0.391663 0.0256183 -0.437318 0.543279 
-0.262959 0.50925 0.402692 0.0888941 -0.415424 0.548089 
-0.26309 0.509218 0.402712 0.0890106 -0.415384 0.548097 
-0.26309 0.509218 0.402712 0.0890106 -0.415384 0.548097 
-0.330743 0.482438 0.415136 0.148841 -0.384387 0.551437 
-0.330865 0.482389 0.415158 0.14895 -0.384331 0.551443 
-0.330865 0.482389 0.415158 0.14895 -0.384331 0.551443 
-0.362657 0.465951 0.421815 0.176863 -0.365803 0.552601 


